기간	자치구	동	합계	합계	합계	합계	합계	농업 임업 및 어업	농업 임업 및 어업	광업	광업	제조업	제조업	전기 가스 증기 및 공기조절 공급업	전기 가스 증기 및 공기조절 공급업	수도 하수 및 폐기물 처리 원료 재생업	수도 하수 및 폐기물 처리 원료 재생업	건설업	건설업	도매 및 소매업	도매 및 소매업	운수 및 창고업	운수 및 창고업	숙박 및 음식점업	숙박 및 음식점업	정보통신업	정보통신업	금융 및 보험업	금융 및 보험업	부동산업	부동산업	전문 과학 및 기술 서비스업	전문 과학 및 기술 서비스업	사업시설 관리 사업 지원 및 임대 서비스업	사업시설 관리 사업 지원 및 임대 서비스업	공공행정 국방 및 사회보장 행정	공공행정 국방 및 사회보장 행정	교육 서비스업	교육 서비스업	보건업 및 사회복지 서비스업	보건업 및 사회복지 서비스업	예술 스포츠 및 여가관련 서비스업	예술 스포츠 및 여가관련 서비스업	협회 및 단체 수리 및 기타 개인 서비스업	협회 및 단체 수리 및 기타 개인 서비스업
기간	자치구	동	사업체수	사업체수	종사자수	종사자수	종사자수	사업체수	종사자수	사업체수	종사자수	사업체수	종사자수	사업체수	종사자수	사업체수	종사자수	사업체수	종사자수	사업체수	종사자수	사업체수	종사자수	사업체수	종사자수	사업체수	종사자수	사업체수	종사자수	사업체수	종사자수	사업체수	종사자수	사업체수	종사자수	사업체수	종사자수	사업체수	종사자수	사업체수	종사자수	사업체수	종사자수	사업체수	종사자수
기간	자치구	동	사업체수	여성대표자	계	남	여	사업체수	종사자수	사업체수	종사자수	사업체수	종사자수	사업체수	종사자수	사업체수	종사자수	사업체수	종사자수	사업체수	종사자수	사업체수	종사자수	사업체수	종사자수	사업체수	종사자수	사업체수	종사자수	사업체수	종사자수	사업체수	종사자수	사업체수	종사자수	사업체수	종사자수	사업체수	종사자수	사업체수	종사자수	사업체수	종사자수	사업체수	종사자수
2018	합계	합계	823,385	279,711	5,210,936	2,878,227	2,332,709	30	462	24	81	58,970	266,500	183	6,083	451	9,139	21,825	379,353	223,955	896,326	95,412	272,618	130,595	495,092	23,384	357,761	11,220	262,273	41,282	158,063	41,654	463,519	16,198	496,433	1,282	140,121	35,377	346,219	28,824	378,366	23,025	91,104	69,694	191,423
2018	종로구	소계	39,952	13,442	265,017	152,717	112,300	3	17	4	10	4,437	13,071	12	350	7	126	328	30,305	16,587	43,116	1,388	7,260	6,625	27,639	858	18,599	567	19,260	1,316	6,392	1,553	21,766	1,227	18,157	89	15,658	850	13,504	744	15,888	909	6,227	2,448	7,672
2018	종로구	사직동	3,541	1,191	49,536	28,658	20,878	1	14	-	-	76	240	1	1	2	33	34	5,887	561	2,972	235	2,386	872	4,243	166	2,086	133	4,639	148	1,103	358	7,932	399	7,464	19	6,312	86	967	103	870	95	1,544	252	843
2018	종로구	삼청동	712	324	4,577	2,193	2,384	-	-	-	-	16	39	-	-	-	-	8	59	264	945	20	73	222	936	21	130	8	67	17	33	46	317	24	100	4	1,204	14	260	7	30	17	175	24	209
2018	종로구	부암동	565	240	3,609	1,706	1,903	-	-	1	1	27	145	-	-	-	-	22	72	105	590	33	38	127	395	21	106	3	22	24	41	29	108	16	58	3	59	40	1,424	15	148	16	40	83	362
2018	종로구	평창동	751	319	3,565	1,670	1,895	-	-	1	5	17	96	-	-	-	-	21	82	155	648	42	130	136	527	25	108	8	60	59	159	31	89	14	44	3	85	56	618	36	466	32	186	115	262
2018	종로구	무악동	581	103	1,598	803	795	-	-	-	-	4	8	-	-	-	-	7	55	45	111	387	397	27	89	2	3	2	17	15	89	3	4	4	28	1	16	25	185	11	482	4	12	44	102
2018	종로구	교남동	393	156	4,008	2,486	1,522	-	-	-	-	6	16	-	-	-	-	9	32	81	272	33	57	79	313	10	59	7	28	37	114	13	154	9	23	2	40	18	176	21	2,499	11	44	57	181
2018	종로구	가회동	766	372	14,100	10,618	3,482	-	-	-	-	34	281	-	-	-	-	11	7,986	177	425	20	26	251	927	21	1,184	10	92	25	51	54	1,297	19	198	3	459	32	691	14	83	37	151	58	249
2018	종로구	종로1.2.3.4가동	15,603	4,989	109,824	66,387	43,437	-	-	2	4	1,901	5,427	10	348	3	18	76	15,395	7,239	18,907	167	2,188	2,361	11,366	332	11,222	244	11,359	461	3,175	606	8,736	544	7,919	23	4,886	301	3,168	200	1,568	249	1,381	884	2,757
2018	종로구	종로5·6가동	7,461	2,465	24,713	15,216	9,497	1	1	-	-	967	2,810	-	-	-	-	24	94	4,934	10,670	66	1,186	611	1,983	72	2,300	33	1,278	159	575	100	700	62	1,100	5	309	41	336	101	463	36	169	249	739
2018	종로구	이화동	1,245	414	16,751	7,171	9,580	1	2	-	-	99	391	1	1	-	-	14	65	227	1,221	32	69	361	1,933	63	706	8	53	51	157	65	1,103	17	215	3	79	40	2,082	29	7,556	141	689	93	429
2018	종로구	창신1동	2,259	706	6,591	3,216	3,375	-	-	-	-	340	869	-	-	1	38	7	19	1,262	2,529	46	129	252	771	11	68	41	608	58	249	26	101	22	243	1	20	12	128	48	339	36	225	96	255
2018	종로구	창신2동	856	278	2,166	989	1,177	-	-	-	-	391	1,102	-	-	-	-	9	11	123	220	44	44	124	291	6	7	4	41	16	17	3	5	8	15	2	71	8	26	27	186	16	21	75	109
2018	종로구	창신3동	264	76	851	459	392	-	-	-	-	47	119	-	-	1	37	8	21	39	93	49	82	28	59	4	10	1	6	25	66	3	20	1	1	2	64	14	124	8	90	6	15	28	44
2018	종로구	숭인1동	480	162	1,519	648	871	-	-	-	-	161	499	-	-	-	-	7	17	86	250	41	83	48	133	5	17	2	14	20	56	14	34	7	40	1	15	12	43	22	198	5	15	49	105
2018	종로구	숭인2동	1,754	531	6,472	2,914	3,558	-	-	-	-	282	880	-	-	-	-	30	264	734	1,655	57	99	252	635	21	55	42	832	79	218	40	276	28	553	3	74	24	340	27	184	37	225	98	182
2018	종로구	청운효자동	998	450	6,282	3,182	3,100	-	-	-	-	41	78	-	-	-	-	21	107	250	584	45	118	252	681	31	168	12	66	46	104	83	449	16	64	9	1,772	49	695	27	447	21	541	95	408
2018	종로구	혜화동	1,723	666	8,855	4,401	4,454	-	-	-	-	28	71	-	-	-	-	20	139	305	1,024	71	155	622	2,357	47	370	9	78	76	185	79	441	37	92	5	193	78	2,241	48	279	150	794	148	436
2018	중구	소계	60,957	22,669	390,530	210,755	179,775	-	-	2	3	9,369	29,402	6	724	10	369	390	4,896	31,547	98,606	1,547	14,316	6,050	33,032	914	25,013	1,217	50,108	1,694	9,169	2,752	36,078	1,483	39,020	62	19,280	471	8,321	747	10,104	558	3,723	2,138	8,366
2018	중구	소공동	3,804	1,113	60,990	34,405	26,585	-	-	-	-	81	224	1	2	1	9	24	778	1,265	9,273	272	5,925	711	6,468	99	3,924	252	15,101	131	983	373	7,289	263	7,652	3	51	48	615	68	805	37	526	175	1,365
2018	중구	회현동	9,122	4,707	48,764	24,680	24,084	-	-	1	1	203	735	-	-	-	-	18	942	7,305	20,832	105	2,390	615	3,653	48	2,912	153	6,592	142	1,160	92	4,777	92	2,154	7	504	23	225	71	643	36	688	211	556
2018	중구	명동	6,765	1,937	110,677	59,680	50,997	-	-	-	-	280	1,023	3	713	1	18	33	292	1,799	12,540	264	3,180	1,333	8,956	223	11,427	492	23,849	354	2,970	556	9,552	604	15,820	16	14,218	61	870	176	2,156	66	432	504	2,661
2018	중구	필동	2,994	785	24,414	14,171	10,243	-	-	-	-	1,033	4,470	-	-	1	41	23	235	383	1,566	30	116	459	1,918	137	2,369	41	846	105	359	450	2,776	78	2,943	6	933	48	3,745	35	1,196	54	482	111	419
2018	중구	장충동	805	236	8,878	5,133	3,745	-	-	1	2	98	514	-	-	2	201	10	775	216	1,532	31	137	167	2,136	39	673	9	64	29	189	72	1,267	23	366	3	128	13	88	12	66	18	466	62	274
2018	중구	광희동	8,744	3,077	36,734	19,654	17,080	-	-	-	-	2,444	7,068	1	6	-	-	38	512	4,317	12,253	105	577	711	3,349	88	960	91	961	173	1,050	376	4,676	101	1,492	3	1,268	25	232	48	1,585	61	207	162	538
2018	중구	을지로동	9,028	2,021	32,091	20,460	11,631	-	-	-	-	3,545	8,974	-	-	-	-	56	301	3,598	9,987	77	413	548	1,933	131	1,185	78	1,249	197	528	425	2,667	96	2,919	4	373	19	105	44	816	60	200	150	441
2018	중구	신당5동	1,171	435	3,830	1,803	2,027	-	-	-	-	275	1,123	-	-	1	1	26	96	303	831	65	121	212	524	11	49	5	39	54	112	22	89	8	24	2	48	15	213	39	289	34	92	99	179
2018	중구	황학동	1,900	616	5,961	3,426	2,535	-	-	-	-	197	462	-	-	-	-	11	139	1,077	2,774	58	121	262	734	2	15	15	116	60	164	29	99	13	646	2	28	19	101	29	219	27	65	99	278
2018	중구	중림동	978	324	6,967	3,449	3,518	-	-	-	-	64	220	-	-	1	31	14	70	244	1,378	87	578	224	697	24	936	20	315	45	143	46	959	27	360	3	51	26	352	40	270	21	98	92	509
2018	중구	신당동	11,568	6,019	30,506	13,362	17,144	-	-	-	-	556	1,902	-	-	1	30	27	95	9,926	21,297	66	199	324	1,090	18	85	35	763	194	804	109	353	99	1,057	7	1,524	17	495	28	432	41	165	120	215
2018	중구	다산동	1,407	448	8,569	4,251	4,318	-	-	-	-	162	586	1	3	-	-	46	188	387	1,523	123	173	191	668	44	257	9	80	63	156	93	1,016	41	2,547	1	23	40	401	55	441	39	97	112	410
2018	중구	약수동	830	329	3,529	1,626	1,903	-	-	-	-	39	127	-	-	1	24	22	104	203	757	100	151	112	339	23	81	8	65	52	251	32	96	17	191	3	95	45	191	53	776	24	89	96	192
2018	중구	청구동	865	296	4,469	2,707	1,762	-	-	-	-	125	648	-	-	1	14	27	323	243	842	98	149	82	295	17	117	4	19	43	132	51	258	10	743	1	22	49	480	24	216	17	52	73	159
2018	중구	동화동	976	326	4,151	1,948	2,203	-	-	-	-	267	1,326	-	-	-	-	15	46	281	1,221	66	86	99	272	10	23	5	49	52	168	26	204	11	106	1	14	23	208	25	194	23	64	72	170
2018	용산구	소계	20,813	7,153	141,216	76,498	64,718	-	-	-	-	964	3,181	4	43	10	150	421	7,591	7,248	31,093	1,251	3,918	4,603	19,474	484	9,750	266	5,085	1,139	3,807	833	15,387	365	15,708	47	3,149	550	7,452	579	6,658	408	2,831	1,641	5,939
2018	용산구	후암동	899	342	4,221	2,224	1,997	-	-	-	-	55	145	-	-	-	-	22	161	211	678	122	132	196	562	20	436	4	17	50	80	27	65	7	913	3	102	41	241	41	363	15	126	85	200
2018	용산구	용산2가동	566	198	2,017	962	1,055	-	-	-	-	25	56	-	-	-	-	8	40	112	263	78	107	182	609	7	80	2	8	30	52	24	52	5	15	1	18	15	423	14	135	10	70	53	89
2018	용산구	남영동	1,742	643	18,339	9,590	8,749	-	-	-	-	79	344	1	37	1	14	33	1,138	452	2,609	46	1,074	506	2,135	52	1,080	59	2,428	53	195	73	3,252	68	1,928	4	66	42	279	66	460	66	532	141	768
2018	용산구	원효로2동	992	290	5,788	3,436	2,352	-	-	-	-	28	81	-	-	2	57	25	153	433	2,246	102	300	108	265	26	579	6	50	51	180	25	118	20	991	1	18	41	341	23	190	17	41	84	178
2018	용산구	효창동	433	139	2,435	1,311	1,124	-	-	-	-	15	39	-	-	-	-	23	684	94	352	71	126	52	138	15	85	3	24	26	58	14	63	10	121	1	19	33	198	30	310	12	63	34	155
2018	용산구	용문동	651	272	1,871	898	973	-	-	-	-	31	99	-	-	-	-	19	45	212	653	81	91	115	258	5	138	2	16	30	62	6	7	3	20	1	18	28	68	29	231	14	25	75	140
2018	용산구	이촌1동	810	391	3,670	1,478	2,192	-	-	-	-	5	11	-	-	-	-	16	45	221	564	22	24	188	813	5	32	20	164	93	426	13	129	3	11	3	53	51	561	59	468	21	98	90	271
2018	용산구	이촌2동	329	105	841	514	327	-	-	-	-	13	34	-	-	2	22	12	23	79	201	82	91	27	62	7	32	3	43	34	107	5	11	2	6	2	46	10	11	9	61	-	-	42	91
2018	용산구	이태원1동	1,626	689	7,600	4,130	3,470	-	-	-	-	40	87	-	-	-	-	10	47	645	1,589	32	69	630	3,242	10	56	24	104	47	132	34	167	19	110	5	1,401	8	96	23	280	17	52	82	168
2018	용산구	이태원2동	759	275	2,932	1,664	1,268	-	-	-	-	26	89	-	-	-	-	16	104	167	566	63	93	295	857	11	59	9	41	48	88	24	164	6	472	1	19	16	196	18	75	11	32	48	77
2018	용산구	서빙고동	392	131	4,748	2,940	1,808	-	-	-	-	11	41	-	-	1	3	19	934	102	1,008	62	255	53	193	9	403	5	26	26	193	17	111	7	40	2	47	23	236	9	85	7	670	39	503
2018	용산구	보광동	843	345	1,981	1,031	950	-	-	-	-	28	38	-	-	-	-	23	40	198	350	102	111	189	403	5	9	4	26	68	118	18	79	7	38	2	52	26	322	32	180	18	31	123	184
2018	용산구	청파동	1,764	640	9,011	4,281	4,730	-	-	-	-	346	1,204	1	1	-	-	25	91	341	928	126	181	400	1,043	51	449	12	86	80	153	42	667	31	326	3	34	54	2,678	38	347	41	190	173	633
2018	용산구	원효로1동	1,823	542	15,028	7,295	7,733	-	-	-	-	89	321	1	2	1	3	40	462	752	3,811	81	156	326	936	50	275	28	217	103	250	74	646	27	6,021	5	550	38	388	47	527	32	101	129	362
2018	용산구	한강로동	5,026	1,354	42,773	25,190	17,583	-	-	-	-	120	363	1	3	3	51	68	2,479	2,703	12,186	86	870	729	4,015	149	5,385	60	1,156	235	1,317	265	7,431	101	3,899	10	641	67	532	84	815	60	213	285	1,417
2018	용산구	한남동	2,158	797	17,961	9,554	8,407	-	-	-	-	53	229	-	-	-	-	62	1,145	526	3,089	95	238	607	3,943	62	652	25	679	165	396	172	2,425	49	797	3	65	57	882	57	2,131	67	587	158	703
2018	성동구	소계	27,868	8,432	174,819	100,694	74,125	1	3	-	-	4,444	27,062	13	421	31	782	666	5,790	7,385	31,602	2,629	8,653	3,836	12,442	860	10,725	314	4,131	1,371	5,520	1,447	14,631	419	18,907	47	4,471	961	11,371	748	8,539	581	2,157	2,115	7,612
2018	성동구	왕십리2동	800	303	2,850	1,239	1,611	-	-	-	-	171	613	-	-	-	-	24	137	145	382	102	182	97	246	5	12	6	58	63	192	8	108	8	51	2	22	35	265	34	306	18	51	82	225
2018	성동구	마장동	3,223	792	11,688	7,728	3,960	-	-	-	-	293	1,075	1	79	2	27	47	394	1,697	5,299	544	955	212	620	18	58	9	139	79	199	42	440	19	987	3	183	43	350	51	443	28	105	135	335
2018	성동구	사근동	1,065	354	11,260	5,529	5,731	-	-	-	-	46	178	-	-	2	4	7	19	157	523	60	97	461	1,789	25	94	7	42	50	106	33	803	19	64	3	222	46	4,849	11	2,021	60	164	78	285
2018	성동구	행당1동	1,447	571	8,796	4,163	4,633	-	-	-	-	85	243	1	1	2	191	28	311	417	1,351	103	199	307	1,355	23	213	15	138	76	267	32	190	19	102	7	2,318	73	413	73	637	40	332	146	535
2018	성동구	행당2동	595	272	2,037	835	1,202	-	-	-	-	13	29	-	-	-	-	21	62	110	311	101	111	66	222	1	1	4	41	41	223	6	13	4	16	2	52	91	542	44	248	11	38	80	128
2018	성동구	응봉동	373	137	980	479	501	-	-	-	-	10	18	-	-	1	2	15	29	66	122	98	103	38	110	2	3	1	4	23	86	1	2	1	6	2	44	40	263	18	99	10	16	47	73
2018	성동구	금호1가동	574	213	1,979	866	1,113	-	-	-	-	41	148	-	-	-	-	19	100	91	283	112	128	75	238	3	3	4	27	39	77	6	10	7	46	2	47	58	373	36	279	14	64	67	156
2018	성동구	금호4가동	660	284	1,984	906	1,078	-	-	-	-	31	89	-	-	1	2	13	124	135	380	77	91	118	306	4	6	6	62	49	131	18	51	4	8	2	23	41	247	39	244	27	52	95	168
2018	성동구	성수1가1동	1,676	458	9,046	5,367	3,679	-	-	-	-	438	2,130	-	-	1	115	30	180	358	1,674	121	193	142	418	97	1,103	11	150	98	349	142	1,075	28	263	2	19	56	492	27	182	34	408	91	295
2018	성동구	성수1가2동	2,538	656	19,778	11,756	8,022	-	-	-	-	491	2,887	2	8	6	62	85	919	529	3,807	181	1,649	368	1,175	186	2,532	24	681	115	697	218	1,768	52	2,063	3	30	68	505	36	378	41	88	133	529
2018	성동구	성수2가1동	2,542	711	18,073	11,533	6,540	-	-	-	-	660	4,318	1	1	-	-	52	422	643	3,051	166	407	354	1,041	104	2,277	9	140	90	238	125	2,724	26	1,134	5	901	33	441	45	278	48	122	181	578
2018	성동구	성수2가3동	5,663	1,243	51,092	31,587	19,505	-	-	-	-	1,484	12,163	6	21	4	22	169	2,275	1,349	8,744	389	1,622	488	1,719	315	3,875	61	1,011	237	1,669	584	5,970	129	8,152	2	65	66	642	50	391	88	288	242	2,463
2018	성동구	송정동	668	185	2,376	1,409	967	-	-	-	-	109	484	-	-	2	4	31	174	137	334	113	143	73	133	6	26	2	5	26	47	61	318	3	11	2	268	15	66	13	167	13	23	62	173
2018	성동구	용답동	1,985	555	14,081	9,140	4,941	1	3	-	-	188	1,162	2	311	9	329	43	258	696	2,807	135	2,285	253	668	29	287	91	561	80	223	70	781	46	2,953	2	52	39	237	44	444	42	80	215	640
2018	성동구	왕십리도선동	2,180	839	12,256	5,333	6,923	-	-	-	-	249	1,044	-	-	1	24	35	228	497	1,626	140	268	445	1,465	27	163	51	984	152	585	56	173	41	2,577	4	117	120	891	115	1,453	55	137	192	521
2018	성동구	금호2.3가동	1,041	477	2,798	1,157	1,641	-	-	-	-	100	280	-	-	-	-	20	57	216	476	127	142	214	488	1	6	7	40	65	135	12	57	6	30	2	48	49	189	60	541	23	74	139	235
2018	성동구	옥수동	838	382	3,745	1,667	2,078	-	-	-	-	35	201	-	-	-	-	27	101	142	432	60	78	125	449	14	66	6	48	88	296	33	148	7	444	2	60	88	606	52	428	29	115	130	273
2018	광진구	소계	24,535	8,948	127,879	69,442	58,437	1	3	-	-	1,707	7,198	3	69	16	244	784	13,397	5,889	19,023	2,519	5,828	4,764	17,023	345	3,720	235	4,739	1,275	3,725	798	4,811	451	10,213	36	2,662	1,183	14,139	909	11,615	1,033	3,862	2,587	5,608
2018	광진구	화양동	2,427	876	16,052	8,072	7,980	-	-	-	-	69	221	1	2	-	-	34	286	421	1,599	86	319	940	4,193	46	234	16	102	119	309	70	699	62	432	2	86	73	3,804	69	2,696	181	484	238	586
2018	광진구	군자동	1,565	565	9,574	5,077	4,497	-	-	-	-	125	447	-	-	-	-	37	165	353	1,654	134	583	347	1,114	37	188	20	203	76	132	40	493	33	1,616	1	20	64	1,966	62	550	64	139	172	304
2018	광진구	중곡1동	1,637	549	6,711	3,289	3,422	-	-	-	-	271	1,300	-	-	1	3	71	441	439	1,278	152	331	260	574	21	127	8	74	73	153	48	212	21	493	2	47	36	87	48	1,179	42	72	144	340
2018	광진구	중곡2동	1,653	615	6,616	3,184	3,432	-	-	-	-	173	749	-	-	-	-	74	732	347	1,161	183	277	237	610	20	79	17	124	83	129	51	225	34	957	3	62	86	324	76	760	52	103	217	324
2018	광진구	중곡3동	1,296	474	5,090	2,707	2,383	-	-	-	-	230	909	-	-	1	3	42	619	260	629	173	499	211	489	6	17	3	19	49	69	14	47	15	170	2	50	28	197	52	911	53	140	157	322
2018	광진구	중곡4동	1,545	557	4,769	2,580	2,189	-	-	-	-	191	727	-	-	1	22	52	201	332	868	318	559	210	540	3	9	6	95	51	80	11	42	16	72	3	79	67	652	62	372	53	123	169	328
2018	광진구	능동	795	271	5,787	2,892	2,895	-	-	-	-	32	148	-	-	1	18	19	119	191	950	68	161	158	681	19	166	17	452	47	87	43	236	18	292	3	74	37	1,422	28	284	48	477	66	220
2018	광진구	구의1동	1,818	683	7,397	4,291	3,106	-	-	-	-	86	315	1	1	3	26	78	857	371	912	126	185	406	1,042	31	173	20	522	114	205	127	465	34	548	5	599	71	549	54	494	89	144	202	360
2018	광진구	구의2동	1,299	459	4,925	2,575	2,350	-	-	-	-	86	425	-	-	1	85	29	264	260	973	254	452	237	618	11	73	11	255	68	112	29	200	13	82	1	19	75	466	55	562	41	105	128	234
2018	광진구	구의3동	2,728	948	15,918	9,067	6,851	1	3	-	-	49	268	-	-	2	11	69	1,771	1,121	3,035	134	925	386	1,488	51	1,017	32	367	132	877	103	781	49	2,474	1	24	189	975	88	770	94	328	227	804
2018	광진구	광장동	1,410	532	17,237	11,279	5,958	-	-	-	-	47	211	1	66	3	44	73	5,740	331	1,397	80	172	220	1,925	21	130	29	2,073	116	540	68	380	37	1,009	2	63	131	1,536	67	519	46	1,123	138	309
2018	광진구	자양1동	1,672	647	8,349	4,286	4,063	-	-	-	-	99	408	-	-	1	29	49	721	426	1,216	170	200	291	783	33	94	11	118	85	203	61	395	32	973	3	1,336	64	281	83	1,126	60	117	204	349
2018	광진구	자양2동	1,435	480	6,636	3,769	2,867	-	-	-	-	75	379	-	-	2	3	89	557	247	715	253	589	194	505	21	1,149	10	117	73	252	47	236	30	454	1	23	91	781	51	401	60	130	191	345
2018	광진구	자양3동	1,337	572	6,130	2,819	3,311	-	-	-	-	36	134	-	-	-	-	30	204	301	1,315	208	304	229	1,028	7	131	17	148	102	381	34	152	19	484	3	94	124	723	50	497	39	158	138	377
2018	광진구	자양4동	1,918	720	6,688	3,555	3,133	-	-	-	-	138	557	-	-	-	-	38	720	489	1,321	180	272	438	1,433	18	133	18	70	87	196	52	248	38	157	4	86	47	376	64	494	111	219	196	406
2018	동대문구	소계	31,878	10,575	140,748	74,303	66,445	-	-	1	1	3,297	13,543	1	2	19	148	766	5,849	10,923	31,318	3,617	6,562	4,863	14,447	254	2,119	275	4,314	1,359	4,598	630	7,073	435	8,666	50	3,443	1,000	16,243	1,031	14,494	776	2,462	2,581	5,466
2018	동대문구	회기동	1,015	406	10,087	4,832	5,255	-	-	-	-	23	59	-	-	-	-	13	43	200	627	46	55	417	1,400	12	190	10	68	27	62	22	70	16	54	2	46	54	4,096	22	2,882	61	137	90	298
2018	동대문구	휘경1동	964	357	3,824	1,828	1,996	-	-	-	-	58	206	-	-	1	2	28	133	225	1,179	87	128	218	666	15	45	2	16	61	170	17	78	27	299	1	24	39	135	41	341	37	124	107	278
2018	동대문구	휘경2동	1,193	260	5,027	2,459	2,568	-	-	-	-	38	330	-	-	1	3	24	136	141	420	590	613	128	328	6	11	3	11	52	129	8	31	9	71	7	226	47	1,171	38	1,366	22	50	79	131
2018	동대문구	청량리동	1,657	607	8,552	4,493	4,059	-	-	-	-	93	232	-	-	2	35	34	181	421	1,021	169	214	317	818	12	117	18	412	80	247	79	1,469	32	565	4	647	51	754	82	1,198	71	249	192	393
2018	동대문구	용신동	5,385	1,643	30,781	16,264	14,517	-	-	-	-	890	3,559	-	-	4	33	149	1,341	2,141	6,736	230	464	708	2,019	68	547	100	2,243	237	1,178	160	2,456	105	4,325	8	1,592	88	1,007	101	2,051	79	498	317	732
2018	동대문구	제기동	4,683	1,621	13,131	7,678	5,453	-	-	-	-	397	1,070	-	-	1	2	57	339	2,794	5,964	192	390	516	1,228	20	78	19	191	131	302	41	1,251	27	210	3	106	62	498	152	876	35	103	236	523
2018	동대문구	전농1동	2,200	850	7,834	4,117	3,717	-	-	-	-	133	469	-	-	1	1	77	410	740	2,087	233	952	422	1,536	10	119	10	59	101	160	25	106	25	211	6	142	68	364	69	666	60	152	220	400
2018	동대문구	전농2동	914	331	5,081	2,685	2,396	-	-	-	-	45	189	-	-	-	-	19	118	173	463	188	192	131	406	9	19	6	47	35	121	25	236	6	10	2	127	84	2,556	50	289	32	72	109	236
2018	동대문구	답십리1동	1,982	579	7,322	3,998	3,324	-	-	1	1	128	537	-	-	1	2	46	539	618	1,568	405	670	197	544	19	55	24	229	111	287	46	222	45	897	2	71	76	444	70	789	45	134	148	333
2018	동대문구	답십리2동	2,192	621	7,614	4,372	3,242	-	-	-	-	181	692	-	-	-	-	50	404	895	2,589	311	407	207	571	6	17	10	119	95	492	22	148	22	294	3	34	59	267	85	930	54	153	192	497
2018	동대문구	장안1동	4,498	1,326	20,754	11,401	9,353	-	-	-	-	777	3,782	1	2	4	15	130	1,437	1,437	5,062	443	1,034	550	1,730	49	796	51	768	191	929	130	769	62	1,410	6	261	76	589	113	1,114	93	319	385	737
2018	동대문구	장안2동	3,068	1,178	11,606	5,222	6,384	-	-	-	-	445	2,119	-	-	2	17	74	287	777	2,647	359	639	535	1,819	16	90	13	88	121	244	35	170	27	162	2	65	181	1,039	110	1,424	113	302	258	494
2018	동대문구	이문1동	1,416	537	6,777	3,607	3,170	-	-	-	-	45	133	-	-	1	2	45	292	248	673	178	214	416	1,122	7	21	6	54	69	141	18	63	31	157	2	78	64	3,094	60	321	61	144	165	268
2018	동대문구	이문2동	711	259	2,358	1,347	1,011	-	-	-	-	44	166	-	-	1	36	20	189	113	282	186	590	101	260	5	14	3	9	48	136	2	4	1	1	2	24	51	229	38	247	13	25	83	146
2018	중랑구	소계	28,024	9,410	103,016	53,541	49,475	-	-	1	3	3,384	15,250	6	109	23	228	912	6,006	5,296	16,071	6,550	13,092	4,152	11,212	135	1,027	162	1,800	1,085	2,921	336	1,643	321	2,853	47	3,471	936	7,773	999	11,920	940	2,484	2,739	5,153
2018	중랑구	면목2동	2,006	680	6,355	3,247	3,108	-	-	-	-	429	1,947	-	-	1	4	91	370	406	981	343	648	257	555	18	79	5	57	67	138	24	85	12	55	2	79	55	293	51	655	49	96	196	313
2018	중랑구	면목4동	1,166	407	3,853	2,103	1,750	-	-	-	-	192	802	-	-	1	1	52	255	168	388	264	826	151	293	2	4	5	32	47	121	18	64	11	24	5	70	63	395	36	312	26	95	125	171
2018	중랑구	면목5동	826	240	3,129	1,964	1,165	-	-	-	-	213	966	-	-	3	21	34	402	162	542	184	514	84	196	1	4	1	12	19	26	9	21	16	70	2	67	5	41	13	95	17	34	63	118
2018	중랑구	면목7동	1,470	546	4,514	2,069	2,445	-	-	-	-	211	920	-	-	1	8	50	166	324	773	237	375	218	551	1	1	8	145	67	183	17	56	14	186	2	21	37	197	65	530	53	126	165	276
2018	중랑구	상봉1동	1,179	403	6,352	3,340	3,012	-	-	-	-	75	576	-	-	-	-	26	367	296	999	279	1,285	139	657	6	154	9	355	56	216	9	50	24	170	1	23	57	743	54	440	31	96	117	221
2018	중랑구	상봉2동	2,079	782	9,409	5,054	4,355	-	-	-	-	219	921	-	-	1	3	53	302	411	2,251	166	375	551	1,758	23	208	24	318	93	217	37	460	44	752	3	126	33	355	57	532	168	458	196	373
2018	중랑구	중화1동	1,092	376	3,807	1,705	2,102	-	-	-	-	119	614	1	28	1	6	42	189	198	649	258	286	96	233	8	142	4	28	53	115	17	65	13	47	2	27	72	588	47	510	21	45	140	235
2018	중랑구	중화2동	2,169	806	7,362	4,277	3,085	-	-	-	-	245	1,050	-	-	5	27	89	611	496	1,183	344	888	396	930	13	31	14	90	73	571	39	180	37	453	4	108	25	94	63	430	90	254	236	462
2018	중랑구	묵1동	1,562	563	5,908	2,819	3,089	-	-	-	-	71	420	2	67	1	2	44	484	317	1,122	353	379	259	791	9	113	17	143	88	218	20	114	15	85	2	63	69	654	69	617	51	166	175	470
2018	중랑구	묵2동	1,776	526	4,882	2,606	2,276	-	-	1	3	150	683	-	-	-	-	58	368	304	782	589	601	220	499	9	32	10	87	60	121	14	92	20	254	4	199	52	297	52	447	56	115	177	302
2018	중랑구	망우3동	1,120	390	3,873	1,758	2,115	-	-	-	-	252	1,192	1	3	-	-	43	171	190	567	240	436	123	280	1	4	3	29	30	46	8	25	17	86	1	24	36	327	39	467	22	78	114	138
2018	중랑구	신내1동	1,994	582	10,685	6,127	4,558	-	-	-	-	99	402	1	10	3	86	69	825	298	1,193	691	2,389	253	865	7	59	13	59	79	220	18	91	16	167	2	402	121	546	92	2,818	58	170	174	383
2018	중랑구	신내2동	1,110	418	5,997	2,944	3,053	-	-	-	-	16	22	1	1	-	-	31	204	204	575	303	339	127	448	7	87	5	34	47	164	33	83	15	217	7	1,991	108	746	75	762	22	114	109	210
2018	중랑구	면목본동	2,544	960	7,882	3,726	4,156	-	-	-	-	437	1,872	-	-	3	6	98	702	536	1,426	391	507	406	982	9	24	13	88	113	176	23	50	21	87	3	84	66	428	95	880	68	147	262	423
2018	중랑구	면목3.8동	2,130	757	6,966	3,522	3,444	-	-	-	-	324	1,324	-	-	1	14	47	154	396	886	372	826	404	991	6	15	9	76	84	166	18	83	21	55	3	65	62	969	66	841	109	175	208	326
2018	중랑구	망우본동	3,801	974	12,042	6,280	5,762	-	-	-	-	332	1,539	-	-	2	50	85	436	590	1,754	1,536	2,418	468	1,183	15	70	22	247	109	223	32	124	25	145	4	122	75	1,100	125	1,584	99	315	282	732
2018	성북구	소계	23,287	8,831	108,201	52,719	55,482	-	-	-	-	2,214	8,140	5	10	11	178	554	3,934	4,805	15,159	3,080	6,058	4,463	13,397	235	1,877	145	1,512	1,125	2,708	478	4,328	254	5,255	52	3,301	1,382	21,481	1,044	12,835	756	2,306	2,684	5,722
2018	성북구	돈암1동	390	129	2,041	1,032	1,009	-	-	-	-	9	45	-	-	-	-	11	218	69	179	100	119	36	144	-	-	2	7	33	128	1	3	4	169	1	21	45	668	19	204	7	28	53	108
2018	성북구	돈암2동	394	177	2,453	845	1,608	-	-	-	-	3	6	-	-	-	-	7	17	46	141	86	86	40	103	2	33	6	41	41	196	2	4	2	922	2	67	58	392	30	213	16	67	53	165
2018	성북구	안암동	1,403	453	12,876	6,450	6,426	-	-	-	-	74	380	-	-	-	-	33	161	289	1,186	80	118	432	1,672	31	206	11	74	55	141	60	738	30	143	1	17	66	4,538	40	2,922	56	183	145	397
2018	성북구	보문동	1,322	435	5,076	2,651	2,425	-	-	-	-	246	665	1	2	1	19	38	288	285	1,028	248	367	167	395	13	52	9	118	58	109	31	126	20	714	4	84	30	284	38	570	18	40	115	215
2018	성북구	정릉1동	712	274	1,985	964	1,021	-	-	-	-	52	163	-	-	1	1	21	179	117	318	132	151	105	271	2	3	3	23	41	115	9	15	6	17	2	19	65	162	31	309	26	75	99	164
2018	성북구	정릉2동	848	297	2,898	1,428	1,470	-	-	-	-	30	78	-	-	-	-	15	125	149	537	207	372	132	373	5	19	5	45	46	103	5	8	2	15	2	51	55	321	54	602	32	88	109	161
2018	성북구	정릉3동	695	267	4,342	2,552	1,790	-	-	-	-	32	108	-	-	-	-	11	21	107	273	143	394	163	445	5	9	2	15	25	33	15	312	2	6	2	22	36	2,140	24	212	20	50	108	302
2018	성북구	정릉4동	878	303	4,291	2,424	1,867	-	-	-	-	37	135	1	5	-	-	17	94	150	388	194	1,071	139	408	7	22	4	21	48	109	10	16	3	46	3	63	57	1,119	50	424	30	143	128	227
2018	성북구	길음1동	1,098	511	3,981	1,451	2,530	-	-	-	-	33	87	-	-	-	-	12	35	235	549	150	192	209	616	1	1	9	80	72	191	9	21	7	211	3	103	113	869	85	677	35	103	125	246
2018	성북구	길음2동	919	399	4,390	1,854	2,536	-	-	-	-	11	54	-	-	-	-	16	59	272	1,288	61	85	212	782	11	240	5	8	47	141	14	99	15	113	2	22	66	217	50	778	25	126	112	378
2018	성북구	월곡1동	1,304	474	5,263	2,537	2,726	-	-	-	-	169	707	-	-	1	24	32	216	311	926	195	204	162	476	12	143	8	139	53	158	11	389	11	156	3	78	80	540	73	707	34	87	149	313
2018	성북구	월곡2동	1,549	565	7,821	3,884	3,937	-	-	-	-	232	909	1	1	1	3	30	95	332	1,128	165	218	307	963	15	69	8	67	46	118	48	1,354	18	400	2	22	58	1,154	65	822	53	179	168	319
2018	성북구	장위1동	880	312	2,183	967	1,216	-	-	-	-	158	603	-	-	-	-	23	69	163	308	182	192	123	216	-	-	4	35	34	38	3	4	5	8	1	25	30	213	28	255	22	48	104	169
2018	성북구	장위2동	1,266	483	3,568	1,591	1,977	-	-	-	-	293	1,196	-	-	-	-	30	89	298	570	143	177	190	358	8	26	8	69	61	73	12	28	7	43	2	73	24	220	41	387	23	32	126	227
2018	성북구	장위3동	543	151	2,534	1,328	1,206	-	-	-	-	83	419	-	-	1	27	21	99	106	306	114	456	66	182	-	-	1	6	26	49	6	82	6	16	2	57	30	510	17	217	7	21	57	87
2018	성북구	성북동	1,132	472	5,441	2,682	2,759	-	-	-	-	36	99	2	2	-	-	24	120	254	964	63	76	235	930	52	524	8	164	51	104	60	378	20	79	3	57	96	871	56	416	34	128	138	529
2018	성북구	삼선동	1,911	768	9,484	4,593	4,891	-	-	-	-	94	297	-	-	2	3	43	150	430	1,424	141	155	461	1,110	33	160	20	140	86	193	99	352	29	697	6	1,803	110	1,748	84	709	79	183	194	360
2018	성북구	동선동	2,000	827	10,196	4,485	5,711	-	-	-	-	43	130	-	-	-	-	39	707	399	1,195	69	224	616	2,164	24	315	13	114	108	251	41	207	29	470	2	28	151	2,714	92	763	105	313	269	601
2018	성북구	종암동	1,957	771	7,268	3,557	3,711	-	-	-	-	319	1,026	-	-	-	-	45	381	358	909	264	396	313	856	7	27	11	270	95	263	17	67	15	105	6	620	134	903	93	844	68	207	212	394
2018	성북구	석관동	2,086	763	10,110	5,444	4,666	-	-	-	-	260	1,033	-	-	4	101	86	811	435	1,542	343	1,005	355	933	7	28	8	76	99	195	25	125	23	925	3	69	78	1,898	74	804	66	205	220	360
2018	강북구	소계	18,918	7,065	72,418	33,306	39,112	-	-	-	-	1,444	5,903	2	84	8	340	506	2,133	3,768	10,625	3,218	6,625	3,719	10,674	103	682	267	4,074	807	1,782	293	1,185	216	3,440	44	3,265	684	5,871	813	9,195	741	2,037	2,285	4,503
2018	강북구	번1동	1,845	728	9,192	3,924	5,268	-	-	-	-	98	301	-	-	2	74	54	338	395	1,196	180	372	365	1,305	18	81	115	1,815	94	238	68	293	47	691	4	420	57	368	74	981	71	333	203	386
2018	강북구	번2동	676	171	3,729	2,246	1,483	-	-	-	-	56	356	-	-	1	165	25	126	106	386	233	706	69	144	6	44	-	-	19	62	5	43	8	169	5	513	8	133	31	623	20	117	84	142
2018	강북구	번3동	891	219	2,777	1,547	1,230	-	-	-	-	52	358	-	-	-	-	12	35	100	359	414	687	84	245	1	5	2	13	31	108	4	20	5	36	2	48	49	256	37	369	21	101	77	137
2018	강북구	수유1동	1,459	598	5,094	2,332	2,762	-	-	-	-	117	460	-	-	-	-	27	72	440	999	207	635	260	565	2	29	16	129	55	108	13	48	12	98	3	66	44	635	60	752	44	161	159	337
2018	강북구	수유2동	1,281	476	3,902	1,705	2,197	-	-	-	-	119	516	-	-	-	-	48	221	257	633	236	246	174	465	9	36	6	35	51	107	11	31	12	368	2	39	55	133	61	667	43	79	197	326
2018	강북구	수유3동	2,543	1,036	9,400	4,168	5,232	-	-	-	-	135	507	-	-	1	66	60	233	534	1,480	182	272	715	2,228	12	107	52	787	108	217	67	230	43	184	3	1,234	31	184	98	683	205	411	297	577
2018	강북구	삼양동	1,117	392	3,533	1,469	2,064	-	-	-	-	117	430	-	-	-	-	22	63	201	567	262	422	131	261	1	5	4	20	43	92	7	14	4	243	2	59	59	464	68	541	39	87	157	265
2018	강북구	미아동	1,652	662	6,511	2,796	3,715	-	-	-	-	154	591	1	83	1	1	45	272	319	950	178	210	375	986	7	41	23	331	85	165	18	82	25	148	5	262	53	975	76	840	66	117	221	457
2018	강북구	송중동	1,979	751	8,206	3,371	4,835	-	-	-	-	138	605	-	-	-	-	48	144	401	1,365	258	331	476	1,811	23	191	29	720	79	170	27	134	21	466	3	178	75	552	75	820	81	216	245	503
2018	강북구	송천동	2,061	767	7,640	3,415	4,225	-	-	-	-	287	1,180	1	1	1	31	74	193	401	1,237	233	429	400	935	9	54	9	109	100	215	42	170	20	703	6	245	78	772	77	617	55	144	268	605
2018	강북구	삼각산동	787	322	2,414	935	1,479	-	-	-	-	12	47	-	-	-	-	14	27	122	306	191	191	119	274	3	9	3	21	56	149	5	13	4	6	2	55	81	603	67	507	22	52	86	154
2018	강북구	우이동	1,036	394	4,305	2,644	1,661	-	-	-	-	39	141	-	-	-	-	17	160	190	522	238	1,413	315	876	3	9	1	14	30	61	10	33	4	172	2	25	28	205	32	334	33	94	94	246
2018	강북구	인수동	1,591	549	5,715	2,754	2,961	-	-	-	-	120	411	-	-	2	3	60	249	302	625	406	711	236	579	9	71	7	80	56	90	16	74	11	156	5	121	66	591	57	1,461	41	125	197	368
2018	도봉구	소계	18,894	6,320	74,314	38,646	35,668	1	3	-	-	1,020	4,137	1	1	9	110	495	3,402	3,455	10,983	5,099	10,030	2,751	7,906	82	757	134	1,281	796	2,768	347	1,773	181	1,841	38	3,872	962	7,537	837	11,640	622	1,907	2,064	4,366
2018	도봉구	쌍문1동	919	295	3,870	1,912	1,958	-	-	-	-	43	174	-	-	-	-	20	60	143	454	303	549	131	403	7	91	3	22	46	105	4	11	5	12	2	51	47	1,136	37	511	25	117	103	174
2018	도봉구	쌍문2동	1,303	495	5,672	2,609	3,063	-	-	-	-	75	379	-	-	-	-	44	296	245	918	260	618	199	628	4	20	8	148	48	293	23	112	13	79	2	55	80	475	76	1,073	55	156	171	422
2018	도봉구	쌍문3동	990	363	4,129	1,964	2,165	-	-	-	-	64	250	-	-	1	21	34	282	258	707	143	158	160	443	5	313	7	72	51	94	10	51	16	49	2	50	45	164	41	1,152	24	67	129	256
2018	도봉구	쌍문4동	631	255	2,140	970	1,170	-	-	-	-	9	21	-	-	-	-	13	53	91	247	197	197	48	148	1	2	-	-	29	129	2	4	-	-	1	19	109	935	30	174	19	54	82	157
2018	도봉구	방학1동	2,340	918	13,496	7,308	6,188	-	-	-	-	117	476	-	-	1	3	67	353	504	1,709	343	1,187	484	1,380	6	27	22	178	114	305	46	501	27	829	8	1,994	104	697	107	2,823	129	287	261	747
2018	도봉구	방학2동	1,236	427	3,053	1,433	1,620	-	-	-	-	140	503	-	-	-	-	39	122	292	674	293	303	164	361	1	4	3	30	22	41	4	10	4	44	1	21	36	204	42	436	31	49	164	251
2018	도봉구	방학3동	919	265	3,546	1,749	1,797	-	-	-	-	18	65	-	-	-	-	21	96	104	331	390	897	96	344	-	-	4	37	43	181	3	15	3	6	2	46	71	502	59	763	27	122	78	141
2018	도봉구	창1동	1,514	427	4,262	2,144	2,118	-	-	-	-	31	130	-	-	1	5	32	209	198	642	687	731	157	517	11	108	8	174	67	197	13	59	9	19	2	49	52	574	68	508	38	132	140	208
2018	도봉구	창2동	1,389	471	4,424	2,379	2,045	-	-	-	-	174	955	-	-	1	2	29	117	263	762	347	575	172	401	4	11	3	27	52	119	6	38	11	77	2	57	60	261	54	604	38	121	173	297
2018	도봉구	창3동	929	330	2,199	1,019	1,180	-	-	-	-	87	270	-	-	-	-	33	94	201	452	215	219	152	299	4	12	1	9	30	58	4	9	4	6	1	26	26	187	42	388	24	36	105	134
2018	도봉구	창4동	1,323	443	7,393	3,889	3,504	-	-	-	-	21	67	-	-	1	9	32	984	272	1,353	245	758	197	616	19	68	35	363	68	247	73	383	21	185	4	554	98	716	68	493	45	326	124	271
2018	도봉구	창5동	2,184	537	7,403	3,832	3,571	-	-	-	-	52	230	1	1	-	-	34	299	264	1,013	970	1,261	244	1,029	6	44	17	94	80	318	24	102	18	114	2	137	140	868	82	1,106	69	191	181	596
2018	도봉구	도봉1동	1,707	598	6,038	3,536	2,502	1	3	-	-	138	491	-	-	3	66	58	297	359	957	309	1,423	340	854	8	34	9	46	70	137	18	62	18	48	4	86	40	448	60	578	63	145	209	363
2018	도봉구	도봉2동	1,510	496	6,689	3,902	2,787	-	-	-	-	51	126	-	-	1	4	39	140	261	764	397	1,154	207	483	6	23	14	81	76	544	117	416	32	373	5	727	54	370	71	1,031	35	104	144	349
2018	노원구	소계	26,616	9,479	118,713	56,183	62,530	1	1	-	-	858	3,720	6	311	11	214	551	2,507	5,030	15,757	6,598	12,573	4,191	14,443	156	1,242	236	4,253	1,231	4,289	438	3,259	317	4,602	38	3,141	1,950	21,138	1,454	18,684	934	3,078	2,616	5,501
2018	노원구	월계1동	1,526	528	6,475	3,799	2,676	-	-	-	-	82	400	1	1	-	-	34	193	262	689	320	1,022	331	983	10	32	5	38	70	133	20	193	22	54	1	20	67	1,373	68	759	81	217	152	368
2018	노원구	월계2동	914	234	3,318	1,860	1,458	-	-	-	-	32	168	-	-	-	-	14	50	109	295	440	656	85	226	11	22	-	-	34	127	8	56	4	44	2	54	57	1,182	37	262	9	52	72	124
2018	노원구	월계3동	985	336	4,233	2,308	1,925	-	-	-	-	7	20	-	-	1	12	9	47	163	835	404	1,128	95	312	4	30	3	31	52	253	17	111	13	104	2	94	54	480	73	572	15	52	73	152
2018	노원구	공릉2동	1,887	636	11,982	6,004	5,978	1	1	-	-	75	536	-	-	-	-	28	154	258	760	466	898	367	1,214	21	86	9	65	99	356	43	552	20	179	2	29	153	4,550	80	1,800	86	474	179	328
2018	노원구	하계1동	1,119	424	7,688	3,854	3,834	-	-	-	-	57	403	-	-	-	-	32	223	290	1,055	177	630	192	796	3	10	6	42	45	236	20	144	19	234	3	594	77	1,133	53	1,659	28	176	117	353
2018	노원구	하계2동	414	124	1,303	554	749	-	-	-	-	7	16	-	-	-	-	10	20	45	145	179	190	39	98	-	-	2	12	24	133	3	5	1	1	1	20	32	389	24	173	6	22	41	79
2018	노원구	중계본동	1,219	474	5,462	2,422	3,040	-	-	-	-	45	195	-	-	-	-	25	51	165	490	206	309	190	572	3	317	5	34	61	248	15	37	10	416	1	21	267	1,919	53	443	55	207	118	203
2018	노원구	중계1동	997	409	4,476	1,968	2,508	-	-	-	-	7	22	-	-	-	-	9	53	153	593	170	172	127	558	2	8	5	51	68	275	9	22	9	14	2	66	257	1,928	49	268	34	216	96	230
2018	노원구	중계4동	1,054	430	3,869	1,670	2,199	-	-	-	-	14	34	-	-	-	-	18	76	192	599	205	249	235	636	1	1	7	58	48	154	6	9	11	39	1	25	80	870	65	792	68	157	103	170
2018	노원구	상계1동	3,099	742	10,628	6,017	4,611	-	-	-	-	54	218	-	-	3	19	59	370	375	1,541	1,517	2,122	356	1,204	15	113	7	41	109	297	42	228	28	1,375	3	92	117	795	105	1,558	87	163	222	492
2018	노원구	상계2동	2,619	1,141	10,572	4,311	6,261	-	-	-	-	84	269	-	-	3	21	43	243	828	2,459	177	448	638	2,587	10	82	16	197	108	284	30	162	44	347	2	58	105	633	110	1,638	140	407	281	737
2018	노원구	상계5동	1,610	634	4,711	2,158	2,553	-	-	-	-	119	397	-	-	-	-	58	177	350	769	256	385	236	480	8	23	7	40	65	128	25	81	26	633	1	24	94	250	69	896	57	91	239	337
2018	노원구	상계8동	588	226	1,930	721	1,209	-	-	-	-	6	11	-	-	-	-	12	25	83	229	186	187	55	149	2	7	4	39	26	110	2	7	1	1	1	16	68	546	78	459	19	53	45	91
2018	노원구	상계9동	714	273	2,494	1,051	1,443	-	-	-	-	8	13	-	-	-	-	11	18	111	306	255	292	60	194	-	-	4	49	34	164	2	2	1	1	2	64	83	862	67	390	15	48	61	91
2018	노원구	상계10동	458	151	2,255	1,360	895	-	-	-	-	3	3	-	-	1	23	6	11	55	124	159	832	30	130	6	28	7	39	20	113	13	30	10	17	2	88	51	471	30	204	16	49	49	93
2018	노원구	상계3.4동	1,230	442	3,799	2,201	1,598	-	-	-	-	59	222	-	-	-	-	26	102	215	498	327	1,187	189	355	9	34	2	16	54	136	10	18	14	70	2	71	54	294	55	441	41	76	173	279
2018	노원구	상계6.7동	1,923	723	15,812	5,865	9,947	-	-	-	-	22	42	5	310	1	67	32	116	299	1,248	276	304	311	1,550	16	97	120	3,218	133	575	42	156	23	226	5	1,605	165	1,751	223	3,954	70	211	180	382
2018	노원구	중계2.3동	1,367	582	5,580	2,282	3,298	-	-	-	-	24	89	-	-	-	-	11	19	474	1,364	338	350	163	936	3	95	2	25	44	246	11	24	9	52	2	85	65	919	89	801	19	175	113	400
2018	노원구	공릉1동	2,893	970	12,126	5,778	6,348	-	-	-	-	153	662	-	-	2	72	114	559	603	1,758	540	1,212	492	1,463	32	257	25	258	137	321	120	1,422	52	795	3	115	104	793	126	1,615	88	232	302	592
2018	은평구	소계	24,873	9,548	90,049	42,452	47,597	-	-	-	-	899	3,041	6	159	15	255	635	4,053	4,984	15,264	5,214	8,898	4,273	12,317	157	1,201	164	2,324	1,471	3,291	369	1,710	249	1,741	51	3,879	1,469	10,058	1,190	13,963	810	2,277	2,917	5,618
2018	은평구	녹번동	1,987	679	9,380	4,450	4,930	-	-	-	-	90	328	3	92	2	39	73	530	304	1,496	441	488	271	780	41	149	7	45	126	353	95	352	35	159	6	1,647	105	694	85	1,560	61	153	242	515
2018	은평구	불광1동	1,637	691	6,556	2,656	3,900	-	-	-	-	44	128	-	-	-	-	35	82	297	890	269	310	303	882	4	22	38	936	126	353	17	179	18	105	3	476	101	531	106	907	55	162	221	593
2018	은평구	갈현1동	1,500	605	5,312	2,346	2,966	-	-	-	-	59	199	-	-	-	-	33	96	266	938	196	232	390	1,346	5	10	23	359	83	214	17	197	12	43	3	35	75	269	72	828	95	199	171	347
2018	은평구	갈현2동	1,600	656	5,845	2,486	3,359	-	-	-	-	65	168	-	-	-	-	35	193	343	1,102	239	244	344	1,043	2	8	4	35	64	146	15	80	5	8	2	80	158	1,338	58	923	79	169	187	308
2018	은평구	구산동	1,248	420	5,300	2,550	2,750	-	-	-	-	48	262	-	-	-	-	23	162	187	471	416	966	133	316	5	9	3	20	59	131	11	33	9	280	2	31	90	955	63	1,303	21	89	178	272
2018	은평구	대조동	2,526	1,192	8,008	3,358	4,650	-	-	-	-	68	176	-	-	1	4	44	283	795	2,016	233	290	544	1,531	17	154	15	212	159	286	28	77	32	111	4	329	107	604	134	1,265	74	191	271	479
2018	은평구	응암1동	1,681	675	7,660	3,583	4,077	-	-	-	-	68	262	1	57	1	13	63	933	376	1,610	219	230	265	884	15	279	12	142	129	265	62	262	29	143	3	199	97	682	101	1,219	58	137	182	343
2018	은평구	응암2동	658	278	1,949	851	1,098	-	-	-	-	27	79	-	-	-	-	8	40	102	236	163	169	92	220	1	6	3	35	56	92	7	13	3	4	2	65	57	247	38	600	18	25	81	118
2018	은평구	신사1동	1,336	477	4,029	2,033	1,996	-	-	-	-	64	251	1	1	1	2	44	463	249	597	321	444	164	449	13	103	6	48	82	171	16	43	16	89	2	21	65	290	63	669	56	122	173	266
2018	은평구	신사2동	1,690	289	3,595	2,271	1,324	-	-	-	-	31	83	-	-	1	35	28	138	138	386	1,104	1,391	94	191	6	15	1	5	42	78	7	15	8	45	2	76	72	588	43	380	8	10	105	159
2018	은평구	증산동	986	378	3,368	1,902	1,466	-	-	-	-	43	180	-	-	1	15	41	230	200	530	220	801	155	380	11	55	2	31	62	115	13	51	14	67	2	33	42	302	46	291	31	103	103	184
2018	은평구	수색동	571	190	2,322	1,527	795	-	-	-	-	36	86	1	9	2	40	9	44	131	453	111	790	102	221	1	5	4	51	66	139	4	18	6	14	3	75	14	84	24	168	8	11	49	114
2018	은평구	진관동	1,798	727	9,615	4,487	5,128	-	-	-	-	15	47	-	-	2	82	21	61	391	1,358	286	1,337	347	1,535	7	311	10	90	152	514	19	212	15	52	7	310	181	1,645	114	1,048	49	508	182	505
2018	은평구	불광2동	1,294	570	4,317	1,937	2,380	-	-	-	-	42	126	-	-	1	1	35	91	311	830	236	252	219	491	4	17	15	134	64	118	10	26	13	218	4	366	68	608	55	609	27	72	190	358
2018	은평구	응암3동	1,803	753	5,053	2,230	2,823	-	-	-	-	87	274	-	-	-	-	33	149	429	1,023	237	298	423	974	5	7	9	94	71	125	13	27	15	44	2	31	78	602	83	838	89	180	229	387
2018	은평구	역촌동	2,558	968	7,740	3,785	3,955	-	-	-	-	112	392	-	-	3	24	110	558	465	1,328	523	656	427	1,074	20	51	12	87	130	191	35	125	19	359	4	105	159	619	105	1,355	81	146	353	670
2018	서대문구	소계	19,796	7,394	109,490	53,956	55,534	1	3	-	-	686	2,494	4	69	13	576	506	3,868	4,025	14,045	2,903	5,835	4,315	14,505	443	2,746	181	4,067	1,023	2,634	632	6,113	444	6,690	43	5,080	1,086	18,651	777	15,362	572	1,844	2,142	4,908
2018	서대문구	천연동	907	382	3,106	1,501	1,605	-	-	-	-	54	138	-	-	-	-	21	90	206	476	74	122	193	439	20	251	6	30	47	93	17	38	12	60	3	117	65	557	57	442	23	76	109	177
2018	서대문구	홍제1동	1,169	471	4,862	2,587	2,275	-	-	-	-	37	173	-	-	-	-	39	865	242	692	163	251	185	506	25	46	7	115	72	209	37	87	17	29	2	56	87	944	72	559	32	83	152	247
2018	서대문구	홍제3동	1,168	490	3,303	1,454	1,849	-	-	-	-	54	162	-	-	-	-	32	127	313	596	150	164	240	534	11	23	6	72	40	108	19	34	5	175	1	24	70	453	61	542	39	69	127	220
2018	서대문구	홍제2동	604	259	1,662	854	808	-	-	-	-	20	97	-	-	1	158	13	38	99	238	76	76	86	224	9	36	4	26	58	143	23	58	7	13	1	23	53	122	31	178	30	69	93	163
2018	서대문구	홍은1동	958	364	2,602	1,183	1,419	-	-	-	-	29	73	1	49	1	2	28	59	221	499	180	242	135	312	22	100	4	25	49	92	21	72	11	21	3	86	57	247	37	438	24	80	135	205
2018	서대문구	홍은2동	1,190	383	5,220	2,589	2,631	-	-	-	-	48	179	-	-	1	20	33	120	208	523	252	648	216	892	23	101	6	39	48	84	25	42	19	56	2	54	87	1,343	52	679	43	134	127	306
2018	서대문구	남가좌1동	714	311	2,243	832	1,411	-	-	-	-	25	62	-	-	-	-	6	20	204	516	75	84	167	404	11	18	6	78	41	111	11	43	10	25	1	23	31	196	49	469	23	92	54	102
2018	서대문구	남가좌2동	1,269	492	5,130	2,592	2,538	-	-	-	-	39	135	-	-	3	86	39	114	270	601	196	203	264	674	17	47	8	63	72	115	17	31	18	127	2	63	86	2,195	56	311	41	106	141	259
2018	서대문구	북가좌1동	654	223	3,255	2,022	1,233	-	-	-	-	18	71	-	-	1	2	23	83	122	404	167	1,171	66	210	18	57	6	29	46	205	6	10	5	24	1	19	56	450	39	314	11	27	69	179
2018	서대문구	북가좌2동	2,441	657	6,760	3,658	3,102	-	-	-	-	89	334	-	-	3	17	86	437	298	706	1,043	1,486	265	627	26	151	9	82	106	217	34	87	24	1,033	4	98	111	343	72	670	51	102	220	370
2018	서대문구	충현동	1,841	605	22,590	12,754	9,836	-	-	-	-	54	227	-	-	2	273	50	1,169	330	3,275	141	623	421	1,304	93	813	68	3,072	85	416	120	2,061	137	3,440	10	2,852	70	1,683	46	546	36	91	178	745
2018	서대문구	북아현동	838	332	2,468	1,154	1,314	-	-	-	-	91	303	-	-	-	-	17	40	211	430	69	73	116	301	11	13	5	47	89	160	17	41	30	42	2	53	38	276	45	460	13	66	84	163
2018	서대문구	신촌동	3,735	1,559	35,949	15,379	20,570	-	-	-	-	41	156	-	-	-	-	23	106	747	3,091	69	213	1,496	6,680	92	761	32	267	159	450	145	3,014	101	1,376	5	346	181	8,746	89	8,866	157	629	398	1,248
2018	서대문구	연희동	2,308	866	10,340	5,397	4,943	1	3	-	-	87	384	3	20	1	18	96	600	554	1,998	248	479	465	1,398	65	329	14	122	111	231	140	495	48	269	6	1,266	94	1,096	71	888	49	220	255	524
2018	마포구	소계	37,232	12,738	255,152	136,857	118,295	1	1	-	-	1,317	5,350	11	464	28	355	1,029	14,703	7,655	35,083	2,987	12,398	8,429	31,288	2,487	37,909	505	10,751	1,918	5,932	2,632	20,741	1,069	34,430	57	4,671	1,742	15,637	1,184	10,902	1,061	4,794	3,120	9,743
2018	마포구	용강동	2,520	786	19,414	10,864	8,550	-	-	-	-	66	210	2	85	3	19	74	1,893	601	3,736	180	1,310	390	1,589	212	1,359	47	681	147	690	227	1,329	129	4,126	5	321	117	740	56	339	65	191	199	796
2018	마포구	대흥동	1,564	580	10,240	4,805	5,435	-	-	-	-	64	214	-	-	-	-	22	94	265	945	66	148	387	1,163	46	386	40	630	116	283	92	588	40	961	2	29	122	2,936	99	754	41	460	162	649
2018	마포구	염리동	704	280	4,388	2,259	2,129	-	-	-	-	31	119	-	-	1	2	15	41	137	592	52	454	161	574	30	494	8	97	40	121	30	122	19	671	3	32	54	675	21	178	17	53	85	163
2018	마포구	신수동	1,183	366	5,670	3,043	2,627	-	-	-	-	50	236	-	-	1	2	53	419	244	985	157	607	180	486	75	301	5	96	84	162	87	382	22	279	3	370	62	514	38	516	22	71	100	244
2018	마포구	서교동	9,958	3,333	62,184	30,976	31,208	-	-	-	-	201	1,076	1	3	3	75	195	2,787	2,165	10,354	296	1,991	2,718	11,980	850	7,154	141	3,170	419	1,304	877	5,532	331	7,856	6	158	401	2,475	220	2,266	393	1,583	741	2,420
2018	마포구	합정동	2,133	721	11,147	5,823	5,324	-	-	-	-	71	208	-	-	3	49	111	1,391	356	1,496	155	872	522	1,807	186	1,063	34	974	102	198	192	1,180	37	510	2	23	63	392	53	392	56	133	190	459
2018	마포구	망원1동	1,850	577	4,919	2,680	2,239	-	-	-	-	82	244	-	-	1	2	40	288	347	925	495	635	390	1,040	41	190	10	77	72	130	52	206	16	173	3	79	40	104	66	445	51	134	144	247
2018	마포구	망원2동	1,395	550	4,968	2,765	2,203	-	-	-	-	85	232	-	-	1	4	69	632	287	842	188	578	235	610	53	257	8	42	71	144	51	242	26	105	2	21	77	372	43	305	39	173	160	409
2018	마포구	연남동	1,831	694	6,849	3,678	3,171	-	-	-	-	47	173	-	-	-	-	55	577	321	1,211	96	196	713	1,889	104	566	2	16	63	123	118	547	43	568	2	57	60	402	29	206	37	73	141	245
2018	마포구	성산1동	1,567	452	11,706	8,496	3,210	-	-	-	-	70	333	-	-	3	87	104	3,247	339	1,362	167	580	209	648	123	683	7	40	73	122	138	1,161	48	2,094	2	25	68	565	32	186	45	196	139	377
2018	마포구	성산2동	1,774	657	12,341	5,968	6,373	-	-	-	-	40	92	-	-	3	20	51	218	483	1,738	307	785	242	731	29	221	8	48	100	282	58	260	24	3,351	5	1,444	126	992	82	1,051	33	412	183	696
2018	마포구	상암동	2,416	851	41,601	24,674	16,927	1	1	-	-	48	475	3	87	3	80	44	392	334	4,164	211	2,123	673	2,960	343	20,588	27	799	124	762	118	3,025	42	1,654	6	727	134	1,354	99	1,047	65	677	141	686
2018	마포구	도화동	2,089	672	16,438	8,273	8,165	-	-	-	-	39	183	1	2	1	4	68	588	462	1,793	173	954	382	1,793	118	1,336	57	881	114	488	149	1,646	82	4,536	2	26	105	524	101	902	59	160	176	622
2018	마포구	서강동	1,789	623	11,755	5,993	5,762	-	-	-	-	39	92	3	286	2	2	36	473	339	1,578	109	397	527	1,617	89	753	10	153	115	210	125	721	34	1,725	2	76	112	2,478	49	613	50	186	148	395
2018	마포구	공덕동	2,778	984	19,522	10,301	9,221	-	-	-	-	302	1,202	-	-	2	6	65	1,369	546	2,114	228	479	471	1,476	90	1,772	63	1,773	160	518	197	1,449	90	4,036	9	762	120	555	109	1,066	60	152	266	793
2018	마포구	아현동	1,681	612	12,010	6,259	5,751	-	-	-	-	82	261	1	1	1	3	27	294	429	1,248	107	289	229	925	98	786	38	1,274	118	395	121	2,351	86	1,785	3	521	81	559	87	636	28	140	145	542
2018	양천구	소계	26,126	9,725	123,311	65,377	57,934	-	-	-	-	1,150	4,926	2	266	20	473	828	10,437	5,259	17,547	5,053	12,806	3,604	12,092	273	5,094	209	2,549	1,254	3,571	736	3,232	336	5,260	48	6,609	2,376	14,974	1,203	14,213	931	3,104	2,844	6,158
2018	양천구	목1동	2,890	1,170	22,256	11,278	10,978	-	-	-	-	38	104	-	-	3	19	54	1,159	941	4,322	96	282	534	3,090	133	3,950	76	1,224	113	545	128	652	66	1,500	4	500	246	2,077	134	1,316	99	538	225	978
2018	양천구	목2동	1,175	449	4,313	2,328	1,985	-	-	-	-	24	70	-	-	-	-	62	477	236	946	185	238	175	457	10	154	6	52	81	168	34	98	17	134	1	27	83	345	55	465	51	185	155	497
2018	양천구	목3동	1,273	547	5,573	2,788	2,785	-	-	-	-	39	142	-	-	1	12	40	995	301	1,024	155	191	213	635	8	23	9	94	59	114	35	183	17	754	2	75	73	320	84	487	58	149	179	375
2018	양천구	목4동	1,339	615	3,880	1,743	2,137	-	-	-	-	54	129	-	-	3	63	47	183	287	784	163	187	244	577	7	47	5	49	60	96	11	30	7	50	1	23	126	699	70	526	49	121	205	316
2018	양천구	신월1동	1,813	688	5,391	2,969	2,422	-	-	-	-	212	897	-	-	1	37	71	548	447	1,159	337	671	261	572	4	14	4	44	59	109	12	30	13	59	2	66	47	223	59	526	68	118	216	318
2018	양천구	신월2동	1,210	374	4,140	2,289	1,851	-	-	-	-	98	412	-	-	2	19	65	546	239	679	339	578	111	270	4	23	3	23	60	120	11	31	18	110	1	21	62	480	56	583	27	51	114	194
2018	양천구	신월3동	961	293	4,178	2,508	1,670	-	-	-	-	72	484	-	-	-	-	38	245	234	713	276	1,004	109	290	2	8	11	40	19	26	9	102	9	34	2	61	31	598	38	351	22	56	89	166
2018	양천구	신월4동	1,178	408	3,978	2,322	1,656	-	-	-	-	48	229	-	-	1	5	37	299	189	506	361	1,021	170	409	4	11	7	46	55	148	10	40	14	90	1	20	71	280	53	614	29	60	128	200
2018	양천구	신월5동	1,006	364	5,107	3,113	1,994	-	-	-	-	104	505	-	-	-	-	55	623	201	629	191	342	151	382	1	8	2	10	27	35	12	46	15	835	4	567	48	403	31	414	36	85	128	223
2018	양천구	신월6동	1,403	177	3,327	2,266	1,061	-	-	-	-	28	119	-	-	2	32	19	174	105	331	1,015	1,534	62	178	2	25	3	35	30	57	7	35	14	99	1	19	11	221	33	273	22	41	49	154
2018	양천구	신월7동	1,390	474	5,370	3,436	1,934	-	-	-	-	122	478	-	-	2	22	48	265	241	649	393	1,384	164	364	6	15	3	32	51	108	17	64	11	25	4	709	54	311	55	515	53	204	166	225
2018	양천구	신정1동	1,181	553	5,201	2,386	2,815	-	-	-	-	39	128	-	-	-	-	28	238	210	624	59	88	238	688	11	38	6	61	82	286	64	249	15	62	4	981	142	675	70	629	51	124	162	330
2018	양천구	신정2동	1,071	465	3,547	1,555	1,992	-	-	-	-	32	91	-	-	-	-	34	128	205	588	102	124	153	492	3	8	3	40	64	194	33	127	10	19	1	22	178	968	55	361	57	145	141	240
2018	양천구	신정3동	1,798	567	9,561	5,548	4,013	-	-	-	-	46	346	-	-	-	-	38	736	204	760	736	2,733	161	506	11	154	7	112	99	296	19	115	18	508	4	123	131	1,231	103	1,407	61	190	160	344
2018	양천구	신정6동	757	339	7,175	3,689	3,486	-	-	-	-	10	74	1	84	1	168	19	200	101	282	56	58	70	368	3	15	10	125	66	255	49	198	7	138	8	3,108	233	1,252	29	443	23	244	71	163
2018	양천구	신정7동	1,023	370	4,702	2,493	2,209	-	-	-	-	26	92	-	-	1	3	17	74	158	585	233	1,046	134	472	3	3	4	42	51	240	13	73	8	58	3	112	136	991	64	394	48	196	124	321
2018	양천구	목5동	1,550	705	10,168	4,231	5,937	-	-	-	-	19	39	1	182	1	65	32	587	259	798	51	60	186	936	20	427	15	227	126	462	27	250	13	176	3	94	532	2,712	71	2,576	45	266	149	311
2018	양천구	신정4동	3,108	1,167	15,444	8,435	7,009	-	-	-	-	139	587	-	-	2	28	124	2,960	701	2,168	305	1,265	468	1,406	41	171	35	293	152	312	245	909	64	609	2	81	172	1,188	143	2,333	132	331	383	803
2018	강서구	소계	38,524	13,335	248,204	136,215	111,989	1	26	1	1	1,257	7,311	8	466	45	673	1,214	14,875	9,079	37,641	7,317	52,138	5,900	21,475	830	11,108	337	3,996	2,088	7,464	1,256	23,116	686	17,365	57	3,474	1,844	14,257	1,582	19,576	1,227	3,851	3,795	9,391
2018	강서구	염창동	2,158	742	16,499	9,763	6,736	-	-	-	-	98	662	1	342	4	23	101	1,877	469	2,655	296	1,456	270	1,096	88	1,914	16	168	164	516	77	1,075	31	1,593	2	65	175	974	89	1,130	76	229	201	724
2018	강서구	등촌1동	1,829	646	15,945	9,095	6,850	-	-	1	1	72	1,030	-	-	1	4	75	1,181	471	2,244	207	2,702	287	1,056	74	850	21	415	125	373	95	2,384	30	675	4	433	60	435	73	1,043	53	172	180	947
2018	강서구	등촌2동	740	255	5,095	1,832	3,263	-	-	-	-	39	216	-	-	-	-	20	99	147	2,239	161	348	105	282	10	80	3	38	39	91	10	42	11	130	4	145	45	692	29	330	23	91	94	272
2018	강서구	등촌3동	2,648	997	21,204	9,915	11,289	-	-	-	-	52	332	-	-	1	15	71	891	824	3,290	373	1,168	355	1,831	53	730	33	634	134	514	84	417	68	5,499	2	108	171	1,797	126	2,864	82	410	219	704
2018	강서구	화곡본동	1,379	525	4,214	1,777	2,437	-	-	-	-	43	147	-	-	-	-	29	155	265	771	290	301	262	668	10	34	7	73	64	153	18	53	12	28	3	125	83	482	86	880	44	83	163	261
2018	강서구	화곡2동	855	308	2,861	1,478	1,383	-	-	-	-	36	157	-	-	-	-	18	100	309	1,087	179	203	67	149	2	7	2	14	27	35	4	6	6	59	1	22	59	260	29	558	19	50	97	154
2018	강서구	화곡3동	1,208	501	4,496	2,029	2,467	-	-	-	-	36	132	-	-	-	-	37	399	204	597	183	314	242	793	7	22	14	239	65	191	27	111	21	134	2	46	91	318	61	701	60	165	158	334
2018	강서구	화곡4동	1,437	545	3,762	1,866	1,896	-	-	-	-	68	234	-	-	1	12	42	177	407	977	221	317	250	549	6	11	4	42	51	90	19	45	9	16	2	79	55	441	44	338	68	114	190	320
2018	강서구	화곡6동	1,777	657	11,053	6,147	4,906	-	-	-	-	56	274	-	-	3	21	62	1,155	306	1,431	208	1,011	462	1,593	24	145	30	295	96	239	93	437	27	931	4	824	57	1,068	70	900	98	301	181	428
2018	강서구	화곡8동	1,286	510	3,957	1,686	2,271	-	-	-	-	29	66	-	-	1	1	16	66	315	803	237	293	209	498	10	160	6	51	76	121	14	75	16	158	1	23	49	169	81	1,120	43	100	183	253
2018	강서구	가양1동	5,257	1,564	48,822	32,169	16,653	-	-	-	-	140	1,194	3	34	9	301	206	2,237	1,255	6,464	449	3,355	923	3,961	374	5,749	109	1,000	423	2,606	479	16,160	196	2,276	2	206	124	770	117	921	116	617	332	971
2018	강서구	가양2동	619	209	3,770	2,007	1,763	-	-	-	-	12	116	1	3	-	-	10	72	136	519	114	154	70	226	8	19	5	52	38	186	21	87	19	750	2	62	17	322	59	847	22	88	85	267
2018	강서구	가양3동	916	197	7,144	4,155	2,989	-	-	-	-	62	675	-	-	1	4	28	650	223	1,812	273	868	47	198	46	563	2	7	38	221	51	583	14	147	3	469	35	355	31	380	8	50	54	162
2018	강서구	발산1동	2,665	864	14,192	7,866	6,326	-	-	-	-	61	239	-	-	8	92	56	558	994	3,885	414	1,760	284	1,211	33	350	18	315	117	311	69	487	40	545	4	192	200	1,873	120	1,575	47	192	200	607
2018	강서구	공항동	2,085	706	35,893	17,860	18,033	1	26	-	-	79	450	-	-	4	54	87	686	470	1,486	493	27,621	358	1,528	15	92	12	149	83	268	36	138	36	1,232	7	252	64	570	67	701	64	202	209	438
2018	강서구	방화1동	2,703	1,008	10,580	4,944	5,636	-	-	-	-	78	347	-	-	-	-	70	479	559	1,571	573	1,513	387	1,149	12	38	12	117	160	475	52	204	44	950	1	28	176	1,169	144	1,556	106	293	329	691
2018	강서구	방화2동	3,300	892	15,173	9,865	5,308	-	-	-	-	63	235	-	-	5	70	87	1,533	708	2,407	1,560	6,515	329	1,706	13	137	8	61	76	219	22	180	28	493	6	192	48	344	57	534	71	170	219	377
2018	강서구	방화3동	918	274	4,816	2,602	2,214	-	-	-	-	14	50	1	4	5	73	24	126	146	425	335	1,282	97	311	14	44	7	77	49	253	25	390	15	444	3	89	44	517	39	467	13	46	87	218
2018	강서구	화곡1동	3,055	1,195	10,631	5,551	5,080	-	-	-	-	185	612	1	1	1	2	119	1,610	570	1,758	472	618	693	2,021	23	129	14	122	149	342	33	130	32	477	3	86	79	489	142	1,305	147	267	392	662
2018	강서구	우장산동	1,689	740	8,097	3,608	4,489	-	-	-	-	34	143	1	82	1	1	56	824	301	1,220	279	339	203	649	8	34	14	127	114	260	27	112	31	828	1	28	212	1,212	118	1,426	67	211	222	601
2018	구로구	소계	38,553	11,356	218,070	124,793	93,277	1	1	1	1	3,677	17,612	8	104	22	389	1,009	12,033	12,100	40,438	4,891	9,160	4,664	15,178	2,108	30,068	498	8,238	1,373	4,386	1,567	15,674	705	25,341	46	4,059	1,231	10,747	1,123	14,882	916	2,617	2,613	7,142
2018	구로구	신도림동	2,859	935	15,598	7,649	7,949	-	-	-	-	729	2,217	-	-	2	9	50	761	739	3,046	180	357	310	1,814	69	370	61	1,480	108	445	82	665	42	1,829	4	51	158	1,130	103	767	52	189	170	468
2018	구로구	구로1동	732	266	3,175	1,470	1,705	-	-	-	-	39	146	-	-	1	2	20	125	131	387	177	353	80	246	15	44	3	22	48	202	10	15	10	619	2	44	53	431	42	271	26	74	75	194
2018	구로구	구로3동	7,466	1,626	87,533	54,977	32,556	-	-	1	1	804	8,503	6	9	6	121	163	4,005	1,640	10,289	171	843	786	3,650	1,689	27,635	172	2,596	299	1,174	875	11,288	231	11,793	5	328	176	2,388	100	988	119	428	223	1,494
2018	구로구	구로4동	2,030	954	5,391	2,352	3,039	-	-	-	-	60	125	-	-	3	128	33	138	566	1,188	151	223	439	953	28	110	34	146	86	188	70	250	74	181	3	93	66	304	105	876	91	145	221	343
2018	구로구	구로5동	4,976	1,348	27,331	14,738	12,593	-	-	-	-	132	503	-	-	1	2	142	2,937	1,425	4,095	1,509	2,686	543	1,943	146	784	97	3,119	156	585	176	1,957	88	4,124	4	123	110	838	102	2,242	108	400	237	993
2018	구로구	고척1동	2,566	724	9,578	5,436	4,142	-	-	-	-	593	1,390	2	95	2	7	149	861	732	1,847	254	439	309	1,004	14	39	11	154	65	219	25	117	20	361	3	191	67	936	73	1,179	85	410	162	329
2018	구로구	고척2동	1,408	532	3,911	1,888	2,023	-	-	-	-	88	254	-	-	-	-	39	245	332	807	282	306	190	440	3	4	6	49	65	152	6	17	13	31	3	107	86	446	72	646	37	120	186	287
2018	구로구	개봉2동	1,190	460	3,357	1,443	1,914	-	-	-	-	31	86	-	-	2	35	31	225	198	517	283	284	168	510	8	19	8	63	68	170	9	20	6	28	2	69	90	268	79	698	39	85	168	280
2018	구로구	개봉3동	993	393	6,344	3,641	2,703	1	1	-	-	52	141	-	-	-	-	40	245	197	687	207	237	144	280	5	48	4	32	48	127	11	26	9	3,418	2	29	62	433	43	354	28	63	140	223
2018	구로구	오류1동	1,121	419	4,513	2,230	2,283	-	-	-	-	28	144	-	-	-	-	24	381	267	696	184	239	204	625	17	59	9	90	56	189	27	98	22	736	2	60	46	244	65	617	49	99	121	236
2018	구로구	오류2동	1,579	532	7,931	4,519	3,412	-	-	-	-	54	269	-	-	1	11	37	215	293	980	440	1,150	195	575	10	291	10	63	81	261	24	115	21	159	4	911	125	1,385	92	892	34	117	158	537
2018	구로구	수궁동	1,247	360	5,825	3,664	2,161	-	-	-	-	154	1,074	-	-	1	1	37	261	211	814	325	852	150	367	8	261	7	40	49	100	18	111	7	29	4	187	55	958	48	418	41	82	132	270
2018	구로구	가리봉동	944	412	2,938	1,356	1,582	-	-	-	-	44	118	-	-	-	-	24	144	222	412	69	79	264	478	8	40	17	63	25	50	21	54	33	236	2	66	14	97	25	749	71	117	105	235
2018	구로구	구로2동	7,719	1,734	29,273	16,857	12,416	-	-	-	-	780	2,357	-	-	2	43	166	1,290	4,765	13,603	329	627	588	1,518	82	349	53	264	148	370	188	825	101	1,603	4	1,774	50	419	101	3,268	83	182	279	781
2018	구로구	개봉1동	1,723	661	5,372	2,573	2,799	-	-	-	-	89	285	-	-	1	30	54	200	382	1,070	330	485	294	775	6	15	6	57	71	154	25	116	28	194	2	26	73	470	73	917	53	106	236	472
2018	금천구	소계	32,472	8,955	234,012	145,099	88,913	2	8	-	-	5,399	40,430	6	10	27	266	1,132	17,882	9,091	40,952	2,818	9,064	3,350	11,033	2,625	37,711	228	2,402	1,035	3,147	2,186	27,977	669	20,454	33	2,474	702	6,307	685	7,162	599	1,541	1,885	5,192
2018	금천구	가산동	15,347	3,318	164,278	106,462	57,816	1	6	-	-	2,799	27,014	4	7	6	53	452	13,174	4,345	26,837	528	3,989	1,171	5,172	2,461	36,857	141	1,636	468	1,746	1,777	25,235	442	17,144	6	142	190	2,036	102	988	132	412	322	1,830
2018	금천구	독산1동	4,113	1,243	24,941	14,936	10,005	1	2	-	-	1,010	8,003	1	1	4	81	106	1,211	1,026	4,712	415	1,931	436	1,411	108	688	28	330	173	556	161	1,603	70	736	4	94	96	806	104	1,427	92	269	278	1,080
2018	금천구	독산2동	1,141	443	3,467	1,732	1,735	-	-	-	-	129	472	-	-	-	-	49	337	232	618	199	359	172	399	3	11	3	21	38	56	13	45	10	39	1	24	46	321	62	445	31	80	153	240
2018	금천구	독산3동	2,094	787	6,475	3,132	3,343	-	-	-	-	333	1,138	-	-	-	-	62	275	480	1,085	258	455	330	683	7	10	20	116	77	155	81	373	26	263	6	185	40	470	67	737	73	147	234	383
2018	금천구	독산4동	989	396	3,253	1,584	1,669	-	-	-	-	144	645	-	-	3	59	38	136	174	459	138	157	201	657	2	17	5	49	33	52	9	36	13	38	2	92	30	150	34	319	50	164	113	223
2018	금천구	시흥1동	3,007	1,218	14,122	6,863	7,259	-	-	-	-	283	1,291	-	-	6	31	95	869	728	2,013	303	356	611	1,736	17	66	13	133	110	254	49	392	43	1,667	8	1,748	119	720	151	1,877	128	267	343	702
2018	금천구	시흥2동	579	185	2,010	752	1,258	-	-	-	-	8	18	-	-	-	-	8	19	70	190	246	246	39	103	2	4	2	11	29	99	1	2	4	7	1	35	68	827	43	340	5	18	53	91
2018	금천구	시흥3동	3,245	606	10,129	7,164	2,965	-	-	-	-	569	1,418	1	2	7	32	262	1,671	1,690	4,291	230	723	122	279	21	46	9	64	40	85	80	253	53	528	1	19	25	397	18	103	23	31	94	187
2018	금천구	시흥4동	811	277	1,980	882	1,098	-	-	-	-	51	168	-	-	1	10	25	80	120	255	271	277	84	163	1	1	3	17	26	61	5	7	2	3	2	32	38	328	41	319	19	44	122	215
2018	금천구	시흥5동	1,146	482	3,357	1,592	1,765	-	-	-	-	73	263	-	-	-	-	35	110	226	492	230	571	184	430	3	11	4	25	41	83	10	31	6	29	2	103	50	252	63	607	46	109	173	241
2018	영등포구	소계	42,589	12,870	367,557	212,718	154,839	-	-	3	13	3,957	13,577	11	781	21	438	1,319	23,195	11,068	52,863	4,164	11,414	6,897	27,163	1,749	30,827	1,242	56,551	1,911	8,762	2,393	32,357	1,110	57,524	70	9,922	1,260	8,754	1,208	17,253	1,139	4,149	3,067	12,014
2018	영등포구	여의도동	8,032	2,230	157,954	96,899	61,055	-	-	-	-	125	608	7	667	7	110	175	8,971	1,612	14,064	189	1,750	1,654	10,026	733	16,302	654	45,535	401	3,515	1,019	20,871	341	18,357	19	5,611	216	1,617	206	4,002	135	1,413	539	4,535
2018	영등포구	당산1동	3,079	967	19,977	10,099	9,878	-	-	-	-	213	653	-	-	-	-	102	1,706	1,003	2,991	169	1,023	544	1,320	69	359	97	1,700	128	384	247	1,389	74	4,565	5	2,119	52	249	66	826	83	197	227	496
2018	영등포구	당산2동	2,319	718	22,015	12,463	9,552	-	-	-	-	87	446	-	-	3	43	97	945	477	2,400	144	829	387	1,494	140	1,643	71	2,219	162	605	165	1,448	76	7,033	5	131	148	1,081	109	743	72	200	176	755
2018	영등포구	양평1동	2,967	523	22,757	12,846	9,911	-	-	-	-	305	1,340	1	2	1	12	74	1,700	469	4,305	1,176	2,007	285	832	98	1,391	49	1,054	96	349	136	1,651	49	6,422	4	294	43	345	34	454	30	83	117	516
2018	영등포구	양평2동	2,134	596	19,967	12,458	7,509	-	-	-	-	171	1,585	-	-	1	102	86	1,563	472	4,302	207	1,328	333	1,248	187	2,577	63	883	107	463	167	2,302	56	1,719	2	22	72	607	46	538	39	166	125	562
2018	영등포구	신길1동	1,142	442	4,974	2,423	2,551	-	-	-	-	51	155	-	-	-	-	45	142	287	696	113	127	223	506	14	50	5	50	61	827	24	99	28	460	2	57	46	208	49	1,196	48	110	146	291
2018	영등포구	신길3동	963	370	2,671	1,292	1,379	-	-	-	-	61	168	-	-	1	2	33	180	288	592	131	137	134	287	5	7	11	112	51	146	11	36	4	174	1	20	30	130	62	400	32	77	108	203
2018	영등포구	신길4동	445	148	1,609	643	966	-	-	-	-	15	171	-	-	-	-	24	51	94	332	76	82	63	125	4	80	5	61	28	45	4	12	8	12	1	17	25	122	27	363	11	23	60	113
2018	영등포구	신길5동	581	198	2,614	1,595	1,019	-	-	-	-	30	113	-	-	-	-	29	561	144	394	111	373	96	231	5	17	2	5	26	51	5	20	10	38	3	55	17	324	17	211	22	106	64	115
2018	영등포구	신길6동	1,236	473	4,755	2,176	2,579	-	-	-	-	52	169	-	-	-	-	56	251	240	872	150	184	201	617	15	56	7	36	102	387	53	250	12	354	3	238	75	397	71	597	48	88	151	259
2018	영등포구	신길7동	604	237	2,673	1,321	1,352	-	-	-	-	20	55	1	38	-	-	16	167	141	434	71	85	114	317	16	77	6	29	42	101	20	248	12	125	2	295	39	251	29	296	18	28	57	127
2018	영등포구	대림1동	1,086	421	4,319	1,786	2,533	-	-	1	9	78	223	-	-	-	-	53	237	295	663	105	117	189	507	11	18	13	77	56	95	20	41	11	18	1	19	29	183	56	1,843	43	71	125	198
2018	영등포구	대림2동	1,409	644	4,608	2,151	2,457	-	-	-	-	63	154	-	-	2	4	30	132	328	1,156	90	106	374	975	9	26	45	163	57	111	42	79	43	319	2	68	32	248	38	604	90	193	164	270
2018	영등포구	대림3동	2,714	739	11,110	6,523	4,587	-	-	-	-	207	952	-	-	-	-	118	1,093	546	1,840	786	955	329	854	16	794	27	229	83	188	60	291	69	1,399	3	77	79	523	67	935	116	205	208	775
2018	영등포구	영등포본동	1,458	607	5,273	2,460	2,813	-	-	-	-	41	86	-	-	1	35	26	151	554	1,479	177	422	243	881	12	124	6	29	55	100	25	384	32	78	4	109	63	641	44	407	50	103	125	244
2018	영등포구	영등포동	6,147	2,063	35,941	18,845	17,096	-	-	2	4	508	1,405	1	71	3	79	202	2,231	2,578	8,659	121	506	1,088	4,918	170	3,318	92	1,803	242	637	147	1,255	167	4,813	5	308	114	748	161	2,736	180	744	366	1,706
2018	영등포구	도림동	992	341	2,916	1,716	1,200	-	-	-	-	63	196	-	-	-	-	43	400	223	637	154	307	138	309	18	75	8	81	49	136	23	81	13	30	2	26	54	150	36	231	35	47	133	210
2018	영등포구	문래동	5,281	1,153	41,424	25,022	16,402	-	-	-	-	1,867	5,098	1	3	2	51	110	2,714	1,317	7,047	194	1,076	502	1,716	227	3,913	81	2,485	165	622	225	1,900	105	11,608	6	456	126	930	90	871	87	295	176	639
2018	동작구	소계	19,916	7,788	112,564	54,644	57,920	-	-	-	-	614	2,059	4	148	13	423	568	7,529	4,564	14,773	2,136	3,124	4,141	13,130	222	4,398	192	3,642	1,279	5,825	428	6,067	318	10,746	43	3,553	1,264	15,755	1,015	13,365	791	2,761	2,324	5,266
2018	동작구	노량진2동	1,746	613	7,449	4,060	3,389	-	-	-	-	32	75	-	-	2	63	18	45	993	2,608	61	86	297	788	18	276	22	354	51	103	24	122	19	461	3	1,260	37	500	23	319	42	93	104	296
2018	동작구	상도1동	1,714	672	8,761	4,403	4,358	-	-	-	-	46	160	-	-	-	-	49	387	305	1,109	209	322	416	1,285	28	244	7	69	105	284	38	290	22	41	3	71	127	3,021	87	794	74	243	198	441
2018	동작구	상도2동	1,379	581	5,215	2,431	2,784	-	-	-	-	53	153	1	54	1	40	33	207	306	804	121	148	249	738	11	27	11	100	117	260	31	125	21	83	4	220	101	652	102	1,126	53	129	164	349
2018	동작구	상도3동	993	382	3,184	1,411	1,773	-	-	-	-	44	134	-	-	-	-	41	218	209	621	198	242	152	442	2	2	6	40	47	90	9	33	7	100	3	59	32	161	67	721	40	109	136	212
2018	동작구	상도4동	971	356	3,016	1,241	1,775	-	-	-	-	32	118	-	-	1	3	33	91	170	458	257	318	146	389	5	20	2	20	40	82	8	20	8	53	1	27	58	413	62	764	25	48	123	192
2018	동작구	사당1동	1,809	681	10,428	5,239	5,189	-	-	-	-	53	127	1	90	-	-	66	809	331	1,330	131	283	419	1,295	24	346	62	1,806	155	470	70	588	41	1,178	2	83	78	413	91	868	78	197	207	545
2018	동작구	사당3동	975	361	4,340	2,149	2,191	-	-	-	-	27	64	-	-	1	17	44	204	181	444	144	226	138	386	15	37	5	25	71	439	11	21	22	602	1	34	85	990	46	383	31	191	153	277
2018	동작구	사당4동	686	265	1,829	858	971	-	-	-	-	32	73	-	-	-	-	23	89	162	471	116	142	96	193	-	-	3	46	31	78	6	10	9	28	1	22	26	114	54	372	25	49	102	142
2018	동작구	사당5동	492	158	1,647	863	784	-	-	-	-	19	53	-	-	1	34	26	80	80	246	101	149	58	152	7	18	1	5	31	79	16	83	7	33	2	21	41	386	13	71	7	119	82	118
2018	동작구	대방동	1,682	627	14,699	8,288	6,411	-	-	-	-	43	239	-	-	1	7	59	4,090	328	1,317	185	338	267	973	29	514	18	250	112	555	59	977	29	1,397	3	123	205	1,952	101	1,149	57	182	186	636
2018	동작구	신대방1동	1,048	437	4,087	2,082	2,005	-	-	-	-	47	148	1	1	1	4	38	378	230	707	95	120	169	468	8	16	7	82	68	158	26	214	30	598	2	62	77	390	61	397	37	77	151	267
2018	동작구	신대방2동	1,229	469	21,344	9,227	12,117	-	-	-	-	54	247	-	-	2	202	45	493	199	1,672	93	117	269	1,072	28	2,552	18	537	89	2,220	53	2,893	30	3,970	7	940	59	534	71	2,853	46	525	166	517
2018	동작구	흑석동	1,539	703	10,950	5,068	5,882	-	-	-	-	47	145	-	-	2	38	38	164	289	716	134	203	417	1,473	8	47	8	73	147	353	16	499	20	513	2	77	99	3,723	72	2,367	51	147	189	412
2018	동작구	노량진1동	2,014	816	9,011	4,528	4,483	-	-	-	-	36	87	-	-	1	15	31	167	406	1,084	162	231	658	2,156	23	187	11	77	120	366	22	54	31	951	6	464	157	2,012	60	460	138	424	152	276
2018	동작구	사당2동	1,639	667	6,604	2,796	3,808	-	-	-	-	49	236	1	3	-	-	24	107	375	1,186	129	199	390	1,320	16	112	11	158	95	288	39	138	22	738	3	90	82	494	105	721	87	228	211	586
2018	관악구	소계	26,105	9,593	113,944	58,842	55,102	-	-	-	-	1,255	4,975	-	-	11	183	696	7,805	4,991	15,166	4,218	6,515	5,561	17,541	288	3,128	173	1,857	1,422	4,010	606	4,578	362	6,276	48	3,336	1,191	16,210	1,178	12,906	1,042	3,133	3,063	6,325
2018	관악구	보라매동	1,380	584	6,620	3,381	3,239	-	-	-	-	61	199	-	-	-	-	37	284	452	1,244	179	188	246	668	14	339	15	244	52	184	15	596	17	1,275	1	13	55	519	53	532	31	73	152	262
2018	관악구	청림동	426	200	1,314	561	753	-	-	-	-	19	42	-	-	-	-	10	23	59	176	75	75	62	153	2	4	1	12	29	81	3	32	2	45	1	18	53	151	34	324	15	65	61	113
2018	관악구	행운동	1,459	594	6,768	3,075	3,693	-	-	-	-	39	147	-	-	-	-	38	454	305	957	150	161	281	799	24	249	16	204	84	219	43	163	28	422	3	40	100	730	80	1,664	53	140	215	419
2018	관악구	낙성대동	1,247	423	7,821	4,481	3,340	-	-	-	-	55	180	-	-	-	-	34	564	166	857	74	614	486	2,159	33	498	10	92	75	317	43	505	9	443	2	87	28	226	56	584	61	316	115	379
2018	관악구	중앙동	982	357	4,436	2,138	2,298	-	-	-	-	52	135	-	-	-	-	26	587	175	657	98	98	209	655	11	63	11	180	73	200	27	100	16	375	1	16	52	413	76	617	37	135	118	205
2018	관악구	인헌동	1,087	416	3,937	1,827	2,110	-	-	-	-	49	363	-	-	1	17	26	124	219	579	164	185	212	594	12	342	9	119	66	183	24	244	8	60	2	25	53	345	62	410	47	99	133	248
2018	관악구	남현동	893	336	5,064	2,652	2,412	-	-	-	-	23	88	-	-	-	-	14	434	168	720	93	97	232	972	21	146	7	79	45	99	24	514	16	774	5	87	54	319	48	289	35	105	108	341
2018	관악구	서원동	1,288	513	7,490	3,351	4,139	-	-	-	-	16	68	-	-	1	20	27	529	302	1,098	113	136	399	1,851	12	114	16	150	51	190	29	153	16	754	2	78	40	211	54	1,352	74	287	136	499
2018	관악구	신원동	843	346	2,380	1,035	1,345	-	-	-	-	52	141	-	-	-	-	30	78	205	440	98	98	167	354	6	18	4	21	38	67	17	60	10	62	2	150	37	239	37	427	22	41	118	184
2018	관악구	서림동	1,295	327	3,300	1,973	1,327	-	-	-	-	33	102	-	-	-	-	21	81	148	386	583	909	210	449	7	28	1	10	54	95	8	27	16	33	2	70	46	342	39	507	38	99	89	162
2018	관악구	신사동	1,388	499	4,696	2,463	2,233	-	-	-	-	119	563	-	-	-	-	66	446	326	904	127	350	227	543	14	39	9	57	91	211	27	123	21	122	2	54	55	373	48	467	54	125	202	319
2018	관악구	신림동	1,662	706	5,860	3,034	2,826	-	-	-	-	38	114	-	-	2	3	26	448	312	924	52	93	599	1,895	13	250	8	49	129	342	43	136	22	93	2	60	27	119	63	511	117	316	209	507
2018	관악구	난향동	423	155	1,907	981	926	-	-	-	-	23	74	-	-	-	-	12	39	54	136	134	300	39	106	3	7	3	17	17	47	4	5	7	442	2	50	27	256	37	309	16	44	45	75
2018	관악구	조원동	2,170	704	7,399	4,238	3,161	-	-	-	-	221	930	-	-	3	68	70	618	402	1,336	540	629	357	1,027	20	516	15	120	86	221	42	291	42	318	1	20	43	195	60	557	79	178	189	375
2018	관악구	대학동	1,638	606	14,497	7,757	6,740	-	-	-	-	16	51	-	-	1	3	9	19	169	579	120	414	645	1,996	49	265	7	95	102	233	111	1,112	37	247	3	35	68	8,164	41	503	130	482	130	299
2018	관악구	은천동	1,607	556	6,657	3,784	2,873	-	-	-	-	108	483	-	-	2	34	52	1,063	306	1,007	270	567	273	731	12	63	12	110	79	188	21	85	29	308	4	165	96	486	73	848	51	101	219	418
2018	관악구	성현동	870	306	2,852	1,433	1,419	-	-	-	-	33	90	-	-	-	-	39	207	109	242	239	246	79	198	3	7	2	16	49	185	10	109	7	197	1	24	103	711	54	352	20	96	122	172
2018	관악구	청룡동	1,854	736	10,425	5,521	4,904	-	-	-	-	71	229	-	-	1	38	53	1,322	383	1,210	135	199	401	1,297	27	147	18	176	155	544	74	223	34	141	6	2,214	82	860	87	1,027	85	234	242	564
2018	관악구	난곡동	965	298	2,433	1,186	1,247	-	-	-	-	37	116	-	-	-	-	29	82	169	421	298	310	108	269	1	3	3	23	32	55	7	15	7	14	1	24	46	454	52	348	25	57	150	242
2018	관악구	삼성동	1,044	363	2,518	1,204	1,314	-	-	-	-	42	88	-	-	-	-	25	68	253	545	318	328	117	209	2	4	2	23	49	107	6	14	5	37	1	23	38	389	42	439	14	24	130	220
2018	관악구	미성동	1,584	568	5,570	2,767	2,803	-	-	-	-	148	772	-	-	-	-	52	335	309	748	358	518	212	616	2	26	4	60	66	242	28	71	13	114	4	83	88	708	82	839	38	116	180	322
2018	서초구	소계	46,540	15,063	438,733	262,517	176,216	3	37	4	30	1,075	5,431	13	150	17	281	1,663	62,442	12,079	67,696	1,566	9,020	6,646	33,522	2,181	30,389	930	18,539	3,281	14,381	6,713	67,657	1,273	56,487	65	11,283	2,615	21,404	1,661	20,757	1,321	6,478	3,434	12,749
2018	서초구	서초1동	3,739	1,032	34,558	20,751	13,807	-	-	-	-	94	631	1	1	-	-	111	4,756	1,015	5,752	65	312	471	2,043	220	2,783	61	1,628	269	955	652	5,104	111	5,238	3	81	170	2,353	114	1,377	121	454	261	1,090
2018	서초구	서초2동	4,529	1,264	51,146	34,157	16,989	2	34	3	26	68	169	4	124	1	26	133	12,369	1,044	5,534	63	462	521	2,904	402	4,738	183	7,735	350	1,574	665	4,779	185	4,593	6	1,592	368	1,866	137	1,116	80	402	314	1,103
2018	서초구	서초3동	7,514	1,855	78,942	47,742	31,200	-	-	-	-	116	829	1	1	4	98	194	6,200	1,249	9,199	163	1,084	1,048	5,114	381	8,157	175	2,517	518	2,164	2,371	16,312	222	12,076	13	6,640	232	2,553	149	1,465	251	2,250	427	2,283
2018	서초구	서초4동	2,976	956	28,106	13,631	14,475	-	-	-	-	21	186	-	-	-	-	42	2,320	480	4,631	29	198	509	3,578	88	842	89	1,277	262	1,237	620	3,700	85	3,408	3	45	223	2,365	261	3,325	90	363	174	631
2018	서초구	잠원동	2,075	743	17,214	10,234	6,980	-	-	1	4	51	531	-	-	2	5	66	4,221	382	2,815	51	160	406	1,866	117	1,451	33	313	195	817	243	1,873	70	1,036	3	91	134	672	96	726	68	222	157	411
2018	서초구	반포본동	665	365	2,556	1,178	1,378	-	-	-	-	15	28	-	-	-	-	9	16	230	433	-	-	107	337	4	195	5	49	40	124	12	47	15	201	2	72	125	848	18	72	8	16	75	118
2018	서초구	반포1동	1,662	634	10,055	5,727	4,328	-	-	-	-	21	99	-	-	-	-	46	823	357	2,375	50	129	285	1,065	76	689	30	342	165	489	147	1,359	46	500	1	25	94	664	105	772	54	208	185	516
2018	서초구	반포2동	379	194	2,434	1,055	1,379	-	-	-	-	2	2	-	-	1	4	13	43	70	192	8	24	41	225	5	53	12	111	55	344	5	15	5	40	3	225	61	582	32	205	14	157	52	212
2018	서초구	반포3동	996	454	7,860	4,232	3,628	-	-	-	-	10	49	1	5	-	-	14	1,780	288	1,126	8	11	131	758	7	22	17	171	118	452	33	230	16	1,253	1	21	150	763	91	864	30	132	81	223
2018	서초구	반포4동	3,579	1,705	31,887	15,590	16,297	-	-	-	-	84	155	-	-	3	62	23	2,082	1,877	7,383	67	2,191	555	5,329	55	444	40	576	139	607	137	2,243	42	1,644	7	300	238	2,233	62	5,079	70	716	180	843
2018	서초구	방배본동	1,613	636	9,974	5,481	4,493	-	-	-	-	57	266	-	-	-	-	77	493	435	1,882	53	127	272	944	54	831	15	193	90	501	115	828	38	2,177	3	309	113	440	43	340	70	174	178	469
2018	서초구	방배1동	1,942	685	15,578	8,596	6,982	-	-	-	-	46	221	-	-	-	-	71	3,264	431	2,371	107	129	289	1,057	116	1,018	32	527	154	412	191	1,615	49	3,087	1	21	111	526	79	491	89	238	176	601
2018	서초구	방배2동	1,971	669	18,891	9,887	9,004	-	-	-	-	69	169	-	-	-	-	108	2,338	427	3,075	123	1,426	358	1,707	70	1,018	63	954	141	423	169	1,116	51	4,562	2	51	98	685	65	688	53	105	174	574
2018	서초구	방배3동	1,175	376	14,146	9,853	4,293	-	-	-	-	42	127	2	6	2	17	77	4,309	257	1,630	78	320	107	420	59	1,176	12	357	102	422	107	883	38	1,477	4	122	75	1,261	40	769	27	136	146	714
2018	서초구	방배4동	2,291	787	14,173	7,454	6,719	-	-	-	-	95	333	-	-	-	-	121	1,625	495	2,163	75	298	291	941	98	1,224	37	551	188	630	248	1,798	58	1,817	2	198	143	1,048	128	777	71	255	241	515
2018	서초구	양재1동	3,605	1,084	45,728	29,258	16,470	-	-	-	-	104	758	2	10	2	53	192	6,773	821	5,298	221	569	553	2,401	199	2,941	47	548	233	2,200	454	11,677	101	7,513	5	506	158	1,587	138	1,470	99	213	276	1,211
2018	서초구	양재2동	5,078	1,367	47,301	32,422	14,879	-	-	-	-	167	819	2	3	2	16	336	6,969	1,910	10,546	306	931	625	2,441	213	2,722	73	666	224	945	518	13,803	130	4,947	1	29	91	642	58	357	116	383	306	1,082
2018	서초구	내곡동	751	257	8,184	5,269	2,915	1	3	-	-	13	59	-	-	-	-	30	2,061	311	1,291	99	649	77	392	17	85	6	24	38	85	26	275	11	918	5	955	31	316	45	864	10	54	31	153
2018	강남구	소계	71,373	22,312	694,136	384,090	310,046	4	46	6	14	1,626	14,296	39	1,222	21	823	1,931	49,157	16,697	136,778	3,105	11,236	10,730	58,366	4,483	58,879	1,940	34,738	5,779	29,039	9,090	107,675	2,008	83,062	56	6,047	3,838	29,182	3,048	41,288	1,778	9,179	5,194	23,109
2018	강남구	신사동	4,223	1,501	26,902	12,664	14,238	-	-	-	-	222	808	1	2	-	-	74	845	1,065	6,093	53	295	783	4,308	172	1,887	47	309	218	1,007	486	3,846	72	1,174	2	61	263	1,311	362	3,406	96	550	307	1,000
2018	강남구	논현1동	5,311	1,590	40,704	21,426	19,278	-	-	1	1	148	1,073	2	2	1	95	145	2,850	1,309	9,000	105	349	779	3,858	421	4,800	89	933	402	1,557	804	6,323	186	3,960	2	80	112	724	244	3,018	148	658	413	1,423
2018	강남구	논현2동	5,384	1,564	58,510	34,721	23,789	-	-	1	3	153	1,631	1	8	-	-	159	6,943	1,157	10,213	180	1,558	886	4,344	464	6,150	106	1,251	392	2,250	927	10,949	190	7,437	4	637	137	890	170	1,712	124	644	333	1,890
2018	강남구	삼성1동	3,950	1,116	62,025	34,979	27,046	1	20	-	-	63	661	1	6	1	18	86	3,031	1,323	18,729	94	822	648	5,998	248	7,535	157	2,185	288	1,904	477	9,904	132	5,998	4	256	74	736	105	1,457	76	1,531	172	1,234
2018	강남구	삼성2동	3,642	1,102	40,803	21,033	19,770	1	5	-	-	73	490	1	2	-	-	114	1,514	730	4,476	71	496	488	2,301	278	3,433	159	3,259	416	2,025	584	5,735	112	11,341	4	2,240	160	790	106	1,263	80	315	265	1,118
2018	강남구	대치1동	1,105	475	6,945	2,754	4,191	-	-	-	-	14	46	-	-	-	-	20	109	162	552	12	21	155	959	6	23	23	336	128	425	15	425	8	26	3	176	324	2,749	106	637	38	158	91	303
2018	강남구	대치4동	3,670	1,228	28,231	16,663	11,568	-	-	1	2	68	297	2	239	1	66	81	699	710	7,722	53	373	686	3,245	139	1,812	98	2,709	350	1,702	275	2,812	69	1,222	2	115	558	2,675	132	1,082	125	500	320	959
2018	강남구	역삼1동	15,787	4,286	156,700	91,045	65,655	1	1	-	-	172	1,360	12	341	2	74	346	10,217	3,373	28,965	178	1,157	2,390	13,494	1,532	16,767	616	12,168	1,362	7,244	2,897	36,304	514	10,913	8	779	574	4,607	451	6,120	351	1,508	1,008	4,681
2018	강남구	역삼2동	3,297	982	38,585	21,016	17,569	1	20	-	-	74	1,120	4	8	1	1	107	2,469	670	5,504	80	1,091	491	1,929	214	3,201	138	5,245	378	1,974	452	4,883	123	7,535	2	75	128	1,144	119	1,200	92	394	223	792
2018	강남구	도곡1동	1,574	508	17,331	9,993	7,338	-	-	-	-	33	388	1	86	-	-	45	2,398	339	2,650	60	162	225	1,025	108	1,973	45	470	157	596	146	1,831	48	1,163	-	-	104	815	107	3,139	36	230	120	405
2018	강남구	도곡2동	1,831	639	21,961	12,899	9,062	-	-	-	-	40	1,646	2	2	2	142	80	3,213	475	3,992	27	465	255	1,386	102	2,019	58	958	144	767	227	3,136	38	2,065	1	19	121	965	65	378	67	303	127	505
2018	강남구	개포1동	244	96	1,146	777	369	-	-	-	-	7	9	-	-	1	3	12	43	49	143	57	458	16	25	1	1	1	5	25	170	1	3	3	3	1	23	22	168	9	36	2	5	37	51
2018	강남구	개포4동	2,124	585	11,755	7,408	4,347	-	-	-	-	73	244	-	-	-	-	200	2,507	705	2,640	115	184	205	637	68	596	11	63	100	653	243	1,348	43	913	3	85	68	427	64	729	70	199	156	530
2018	강남구	일원본동	510	234	9,682	2,874	6,808	-	-	-	-	5	12	-	-	-	-	14	60	94	432	56	74	52	491	5	18	6	65	57	274	21	24	4	19	2	44	72	761	45	7,193	13	72	64	143
2018	강남구	일원1동	2,149	340	6,771	4,711	2,060	-	-	-	-	26	139	1	124	1	62	52	1,304	193	564	1,299	1,321	181	563	17	72	5	36	34	78	38	262	22	985	2	60	59	358	64	479	51	160	104	204
2018	강남구	일원2동	634	225	9,014	6,501	2,513	-	-	-	-	9	20	3	373	1	140	28	93	164	603	68	198	73	203	12	559	4	48	49	1,015	34	178	17	4,084	2	410	42	223	53	682	16	79	59	106
2018	강남구	수서동	1,517	398	19,344	10,437	8,907	-	-	-	-	36	203	1	11	1	2	103	3,316	482	4,302	100	692	198	1,045	60	385	18	425	101	541	148	1,309	54	4,971	2	46	33	865	62	702	20	265	98	264
2018	강남구	세곡동	1,170	418	6,058	3,111	2,947	-	-	-	-	16	117	-	-	-	-	15	124	244	1,067	274	763	172	641	8	32	16	82	90	298	28	481	12	82	2	55	89	967	86	1,004	27	116	91	229
2018	강남구	압구정동	4,070	1,563	28,451	12,498	15,953	-	-	-	-	120	738	-	-	1	1	47	834	1,171	6,743	42	108	728	4,150	151	1,883	73	791	227	1,033	362	3,447	80	985	2	48	258	2,132	313	2,919	97	370	398	2,269
2018	강남구	청담동	4,270	1,728	37,532	17,860	19,672	-	-	-	-	162	2,030	1	2	7	218	92	3,160	1,100	8,844	55	217	678	4,640	156	1,616	77	840	419	1,466	424	4,088	146	1,552	3	259	174	1,372	235	2,965	89	477	452	3,786
2018	강남구	대치2동	4,179	1,404	62,612	37,405	25,207	-	-	3	8	97	1,230	6	16	1	1	92	3,340	1,062	13,172	77	364	522	2,764	309	4,089	185	2,505	336	1,749	483	10,265	129	16,620	4	562	373	3,478	108	937	122	490	270	1,022
2018	강남구	개포2동	732	330	3,074	1,315	1,759	-	-	-	-	15	34	-	-	-	-	19	88	120	372	49	68	119	360	12	28	8	55	106	311	18	122	6	14	1	17	93	1,025	42	230	38	155	86	195
2018	송파구	소계	47,772	16,207	342,853	203,506	139,347	7	273	1	5	1,520	9,200	10	31	27	593	1,870	46,470	13,666	60,790	5,915	15,955	7,234	30,485	885	27,034	540	8,393	2,625	13,611	2,488	27,676	832	29,731	69	7,087	2,340	18,609	1,812	26,546	1,641	9,397	4,290	10,967
2018	송파구	풍납1동	749	283	2,536	1,174	1,362	-	-	-	-	42	316	-	-	-	-	21	149	171	449	152	287	117	225	3	19	9	171	32	75	16	37	10	87	2	21	31	196	30	301	21	37	92	166
2018	송파구	풍납2동	1,154	407	15,829	6,126	9,703	-	-	-	-	46	392	-	-	5	31	35	461	238	1,015	180	470	144	700	8	62	7	70	74	191	74	409	16	1,040	4	360	94	1,322	58	8,914	41	120	130	272
2018	송파구	거여1동	831	265	3,892	2,002	1,890	-	-	-	-	47	161	2	6	-	-	36	217	174	715	191	230	115	297	8	38	2	8	30	55	12	71	12	973	1	16	35	304	37	586	36	70	93	145
2018	송파구	거여2동	847	294	4,148	2,193	1,955	-	-	-	-	31	109	-	-	-	-	24	390	134	302	214	691	104	307	2	11	6	52	52	148	15	316	19	145	2	48	53	328	63	1,057	37	106	91	138
2018	송파구	마천1동	990	335	2,309	1,202	1,107	-	-	-	-	45	179	-	-	-	-	28	72	159	345	310	483	142	277	4	8	1	10	53	103	4	5	5	18	3	54	34	194	42	307	23	34	137	220
2018	송파구	마천2동	1,368	480	4,059	2,265	1,794	1	6	-	-	99	277	-	-	-	-	45	114	329	856	336	683	178	370	6	115	6	49	45	88	10	126	5	12	3	217	40	185	74	658	33	59	158	244
2018	송파구	방이1동	1,345	520	9,654	5,915	3,739	-	-	-	-	55	651	-	-	-	-	66	1,626	253	1,545	92	354	265	1,083	12	84	8	58	74	503	55	704	16	654	2	85	186	1,390	52	344	64	204	145	369
2018	송파구	방이2동	2,973	978	21,182	13,850	7,332	-	-	-	-	74	664	2	3	1	113	137	3,992	649	3,930	214	413	707	3,035	68	1,316	49	575	210	629	254	1,625	64	1,993	1	21	89	1,033	91	916	130	309	233	615
2018	송파구	오륜동	511	239	5,587	3,078	2,509	1	4	-	-	6	12	-	-	1	3	16	74	187	376	8	17	54	414	2	50	11	100	25	126	5	35	5	1,414	3	335	28	1,142	17	105	66	1,112	76	268
2018	송파구	오금동	2,381	765	16,923	9,738	7,185	-	-	-	-	149	1,024	-	-	-	-	166	1,318	547	2,760	377	967	314	1,031	16	600	13	172	108	310	61	787	47	5,176	2	55	177	1,176	71	655	85	319	248	573
2018	송파구	송파1동	2,533	833	14,440	8,756	5,684	-	-	-	-	80	240	-	-	-	-	130	4,807	497	1,717	543	645	392	1,405	46	448	29	201	101	267	155	1,004	56	651	2	19	101	612	72	1,685	92	207	237	532
2018	송파구	송파2동	869	377	4,071	2,151	1,920	-	-	-	-	24	140	-	-	-	-	33	509	193	542	79	85	134	408	6	30	3	26	62	224	24	327	13	278	1	21	102	890	52	250	33	79	110	262
2018	송파구	석촌동	2,657	945	14,748	8,726	6,022	1	102	-	-	105	380	1	4	-	-	130	3,545	600	1,933	227	331	489	1,439	50	254	32	515	218	565	123	1,275	56	1,311	3	45	117	842	102	1,150	120	237	283	820
2018	송파구	삼전동	2,064	737	13,945	9,323	4,622	1	153	-	-	80	426	-	-	1	43	80	4,309	396	1,628	224	512	356	1,078	33	251	11	65	130	461	86	574	22	1,670	3	119	161	1,028	89	847	105	230	286	551
2018	송파구	가락본동	3,497	1,100	25,436	15,771	9,665	1	1	-	-	107	683	2	8	2	137	216	5,105	1,035	4,814	168	328	603	2,192	127	1,552	44	428	179	984	233	2,775	103	1,384	5	1,000	98	723	94	2,149	212	507	268	666
2018	송파구	가락1동	2,794	684	11,102	7,920	3,182	1	4	-	-	10	106	-	-	3	36	-	-	2,538	9,046	14	37	90	352	6	43	6	63	25	409	20	108	8	529	2	54	-	-	12	112	2	4	57	199
2018	송파구	가락2동	1,849	715	9,674	5,180	4,494	-	-	1	5	76	471	-	-	1	33	104	1,072	406	1,874	188	312	245	835	29	302	14	149	110	567	59	881	27	674	2	20	151	880	103	865	85	209	248	525
2018	송파구	문정1동	1,335	494	7,019	4,195	2,824	-	-	-	-	57	313	-	-	1	3	89	1,148	337	1,335	130	880	186	584	20	120	5	36	100	609	60	368	22	216	1	21	65	378	48	511	52	137	162	360
2018	송파구	문정2동	6,337	1,602	53,310	35,584	17,726	-	-	-	-	225	1,788	2	8	6	138	263	8,677	2,007	10,031	965	2,464	684	3,209	326	4,580	67	561	304	2,362	822	9,908	170	5,563	7	1,760	103	432	115	773	55	290	216	766
2018	송파구	장지동	1,376	448	9,881	6,523	3,358	-	-	-	-	39	143	-	-	2	19	68	734	224	783	312	2,213	179	502	6	52	6	46	96	1,639	42	1,179	18	236	3	102	102	1,016	91	681	45	176	143	360
2018	송파구	위례동	592	277	3,612	2,029	1,583	-	-	-	-	3	7	-	-	-	-	1	2	116	357	95	1,366	128	548	2	5	1	10	66	266	4	13	1	3	2	20	66	479	41	372	12	24	54	140
2018	송파구	잠실본동	3,049	1,097	21,360	12,678	8,682	-	-	-	-	74	306	1	2	1	3	89	3,709	622	2,751	119	325	785	3,191	56	817	46	432	186	973	162	1,976	64	3,393	2	22	157	906	148	1,035	206	653	331	866
2018	송파구	잠실4동	465	240	1,987	745	1,242	-	-	-	-	7	15	-	-	3	34	10	94	83	268	52	69	48	206	2	21	4	45	62	249	9	26	-	-	2	60	57	450	58	288	8	21	60	141
2018	송파구	잠실6동	2,652	798	49,356	29,317	20,039	1	3	-	-	23	361	-	-	-	-	39	4,145	720	7,944	604	1,307	409	3,706	37	16,197	124	4,208	93	1,126	146	3,003	47	2,070	2	2,270	99	467	99	1,062	32	426	177	1,061
2018	송파구	잠실7동	200	97	1,235	560	675	-	-	-	-	1	4	-	-	-	-	8	93	63	98	8	27	20	48	2	3	4	43	19	74	2	6	5	178	1	10	22	495	7	23	4	18	34	115
2018	송파구	잠실2동	773	396	4,698	2,154	2,544	-	-	-	-	1	2	-	-	-	-	14	63	212	564	52	364	107	464	3	13	13	115	69	282	7	26	12	31	4	231	90	1,037	64	362	24	860	101	284
2018	송파구	잠실3동	1,581	801	10,860	4,351	6,509	-	-	-	-	14	30	-	-	-	-	22	45	776	2,812	61	95	239	2,579	5	43	19	185	102	326	28	112	9	32	4	101	82	704	82	538	18	2,949	120	309
2018	강동구	소계	29,772	10,503	145,990	78,357	67,633	3	40	-	-	1,400	5,191	2	89	16	522	1,052	19,094	6,764	23,937	5,629	10,140	4,834	15,308	227	1,758	263	3,669	1,625	4,331	653	7,012	468	12,664	46	2,934	1,490	10,844	1,253	18,619	939	2,905	3,108	6,933
2018	강동구	강일동	983	296	18,088	13,913	4,175	-	-	-	-	8	63	-	-	1	43	22	8,277	118	715	372	2,327	94	510	5	301	9	73	60	323	18	2,715	9	650	2	59	88	948	78	752	24	129	75	203
2018	강동구	상일동	899	269	5,468	2,401	3,067	1	5	-	-	56	143	-	-	-	-	31	191	170	642	212	246	161	499	3	9	4	24	57	149	19	137	10	90	1	17	45	853	23	2,178	26	171	80	114
2018	강동구	명일1동	1,691	743	6,569	2,722	3,847	-	-	-	-	45	117	-	-	-	-	35	311	439	1,119	170	197	336	1,039	5	11	14	134	84	221	21	96	18	471	3	42	127	703	115	1,314	80	225	199	569
2018	강동구	명일2동	1,084	465	4,269	1,794	2,475	-	-	-	-	29	79	-	-	-	-	31	140	261	930	61	66	150	666	3	11	7	82	73	226	15	65	15	107	2	52	214	1,014	62	450	55	162	106	219
2018	강동구	고덕1동	734	301	2,466	1,216	1,250	-	-	-	-	28	65	-	-	-	-	25	115	110	266	188	225	95	250	2	3	2	11	65	205	6	12	7	30	3	97	62	643	37	389	14	25	90	130
2018	강동구	고덕2동	550	193	1,872	923	949	-	-	-	-	21	57	1	3	2	52	11	50	115	255	144	180	87	234	2	2	3	16	40	54	2	38	1	3	1	16	17	483	20	179	16	118	67	132
2018	강동구	암사2동	844	308	4,174	1,977	2,197	-	-	-	-	28	106	-	-	-	-	28	505	146	392	185	501	123	414	10	19	3	42	54	109	13	74	11	916	2	46	73	452	50	315	29	94	89	189
2018	강동구	암사3동	599	221	2,206	1,133	1,073	-	-	-	-	26	77	-	-	1	122	16	275	133	394	150	150	47	135	2	6	1	13	31	127	6	10	1	2	2	71	74	441	30	225	9	26	70	132
2018	강동구	천호1동	1,583	514	5,633	2,867	2,766	-	-	-	-	103	390	-	-	-	-	53	569	317	898	387	684	210	626	8	111	11	130	83	187	23	151	25	159	3	29	70	682	61	601	37	101	192	315
2018	강동구	천호3동	1,898	695	7,397	3,889	3,508	-	-	-	-	54	176	-	-	1	21	65	352	510	1,351	261	466	335	993	22	124	32	542	127	348	43	747	47	601	3	70	48	218	68	767	54	115	228	506
2018	강동구	성내1동	2,097	637	19,533	10,446	9,087	-	-	-	-	189	718	-	-	4	172	125	3,008	535	2,921	193	369	316	1,012	40	208	20	242	98	200	149	872	69	5,052	6	1,875	84	1,131	61	861	56	198	152	694
2018	강동구	성내2동	1,907	745	7,477	3,648	3,829	-	-	-	-	109	367	-	-	1	2	73	798	418	1,203	206	522	373	1,008	14	99	34	819	116	270	40	169	42	276	2	39	63	240	89	942	67	147	260	576
2018	강동구	성내3동	2,459	921	10,433	5,823	4,610	2	35	-	-	132	732	-	-	1	45	90	608	581	2,141	228	318	490	1,464	23	214	26	175	152	336	80	683	40	1,598	1	34	130	557	109	656	105	249	269	588
2018	강동구	둔촌1동	19	4	341	230	111	-	-	-	-	1	18	1	86	-	-	-	-	8	54	2	12	-	-	-	-	-	-	-	-	-	-	-	-	2	8	2	158	-	-	-	-	3	5
2018	강동구	둔촌2동	1,601	567	9,718	4,800	4,918	-	-	-	-	77	270	-	-	-	-	77	784	333	2,149	266	632	245	822	15	66	11	157	103	254	38	301	16	51	2	69	84	575	60	3,122	55	124	219	342
2018	강동구	암사1동	1,916	677	5,756	2,957	2,799	-	-	-	-	132	462	-	-	-	-	83	615	388	997	445	679	305	770	7	28	8	107	84	170	14	42	15	69	2	31	68	271	68	962	61	149	236	404
2018	강동구	천호2동	3,736	1,500	14,933	7,104	7,829	-	-	-	-	198	635	-	-	1	3	118	721	1,310	4,703	351	468	675	2,287	31	163	26	409	160	547	59	325	86	976	3	102	98	604	159	1,626	116	487	345	877
2018	강동구	길동	5,172	1,447	19,657	10,514	9,143	-	-	-	-	164	716	-	-	4	62	169	1,775	872	2,807	1,808	2,098	792	2,579	35	383	52	693	238	605	107	575	56	1,613	6	277	143	871	163	3,280	135	385	428	938